0	-16.3266733677256	7.36519861836247	5.15328938104772
0.0114737630037639	18.9393306798573	-4.74575176273802	5.31366578554252
0.0229475260075279	19.5365076505667	-5.09863223838171	5.50055495760244
0.0344212890112918	7.45677055918539	-0.421439767565602	5.60110774062755
0.0458950520150558	-3.58793020344863	4.44364576299835	5.59870000149234
0.0573688150188197	-10.2952899161921	7.90231592037046	5.48302564625307
0.0688425780225837	-13.4554488770555	9.85735718521782	5.26475339583719
0.0803163410263476	-15.2600201110225	10.9641883628006	4.97911637169115
0.0917901040301116	-16.0559292733573	11.2927558526627	4.67363980586542
0.103263867033876	-17.8261378947054	11.795768388112	4.36676943071709
0.114737630037639	-19.8714432977296	12.3155571682598	4.10163173905715
0.126211393041403	-22.1012410574153	12.9355400771011	3.88383323266191
0.137685156045167	-24.2063842263894	13.5902269398029	3.71690774927331
0.149158919048931	-25.9931179274378	14.2091680184421	3.60211371821615
0.160632682052695	-27.299621898714	14.6933930145282	3.53288397042516
0.172106445056459	-28.1414751947091	15.0053954202962	3.49977849933352
0.183580208060223	-28.3639157865528	15.0376516093099	3.49227865440773
0.195053971063987	-27.6485398108608	14.6285890079291	3.49988340814107
0.206527734067751	-25.6271515630792	13.6152787091989	3.51319652631765
0.218001497071515	-22.1709743592041	11.9545810767888	3.52572486720505
0.229475260075279	-17.4685477820449	9.74709881584196	3.53489769770103
0.240949023079043	-12.0950468471044	7.25757500927092	3.54211609224829
0.252422786082807	-6.85540263747949	4.84042985778629	3.55109781232417
0.263896549086571	-2.51885371497196	2.82402558541663	3.56554132540712
0.275370312090335	0.429009564534515	1.40811447825555	3.58763762698534
0.286844075094099	1.89334384111904	0.624959642467788	3.61698116007732
0.298317838097863	2.10000151449485	0.376998822618832	3.6524595139306
0.309791601101627	1.43477948493767	0.508490705439694	3.6910196185919
0.32126536410539	0.467149993092637	0.792848387215264	3.73018891543249
0.332739127109154	-0.457188928278911	1.10078154325997	3.76845086062759
0.344212890112918	-1.13541857867637	1.3550080500338	3.8028208002264
0.355686653116682	-1.48421862864441	1.51396099710909	3.83088859428373
0.367160416120446	-1.47294504449709	1.54280559399163	3.84936616392943
0.37863417912421	-1.21722066035958	1.46145477370325	3.85547607497243
0.390107942127974	-0.727028283032389	1.24861357075169	3.84820566753899
0.401581705131738	-0.278997001973868	1.01145525801444	3.82693958513262
0.413055468135502	-0.0903678835778423	0.849176785040782	3.79407444956584
0.424529231139266	-0.284410660308115	0.832178521078529	3.75436309789942
0.43600299414303	-0.852572163060342	0.974433034841025	3.71435070394952
0.447476757146794	-1.71198155190046	1.24835154371999	3.68160595219936
0.458950520150558	-2.83574269495096	1.63894601967766	3.66409163149088
0.470424283154322	-4.16244777067041	2.11373296135462	3.66828339899121
0.481898046158086	-5.5339833180137	2.60979292206848	3.69919385995904
0.49337180916185	-6.63090985348004	3.01494501385795	3.75737863926921
0.504845572165614	-7.0371076013835	3.1922491235331	3.83854872849105
0.516319335169378	-6.32028955785791	2.9880972647464	3.90059441517079
0.527793098173142	-4.76210756317816	2.53246861206927	3.92285456511112
0.539266861176906	-2.70724314309366	1.93755762101217	3.86947643819041
0.550740624180669	-0.96519771325565	1.46761015750927	3.70096166965796
0.562214387184433	-0.437039467939907	1.40378239634174	3.39151942656028
0.573688150188197	-1.65704782527744	1.88637439512396	2.94248584400864
0.585161913191961	-4.54612972399282	2.84589813666225	2.38941253383092
0.596635676195725	-8.36095420277724	4.11358074129488	1.8872348044239
0.608109439199489	-12.4246879402602	5.401733278652	1.40414948998897
0.619583202203253	-16.216642049481	6.41877481984286	0.888680673835984
0.631056965207017	-19.0235039002369	7.10948584549392	0.488377437873411
0.642530728210781	-20.5971009160758	7.45433374006322	0.214280835571658
0.654004491214545	-20.9528228598711	7.49784400161426	0.0500035144732771
0.665478254218309	-20.2517252361512	7.30516806351999	-0.0341435199186813
0.676952017222073	-18.6011942237402	6.9010779157673	-0.0629411058836948
0.688425780225837	-16.6997862081288	6.59728895531708	-0.0596718716302336
0.699899543229601	-14.4486837205777	6.23172797916122	-0.0513396974377903
0.711373306233365	-12.1030976016004	5.88631977974015	-0.0391703149132944
0.722847069237129	-9.86588972352327	5.5989450752183	-0.0247817729913493
0.734320832240893	-7.87563652104357	5.3706839938784	-0.00984696444757609
0.745794595244657	-6.20992140659899	5.18658726301923	0.00419148845582404
0.75726835824842	-4.89696565008312	5.03537294170546	0.01630009220972
0.768742121252184	-3.9300071615215	4.91699562620299	0.0258959565886487
0.780215884255948	-3.28037364023505	4.83642302860416	0.0327554529418809
0.791689647259712	-2.90630766424437	4.79058548909995	0.0368480630470016
0.803163410263476	-2.75603500565209	4.75834203111253	0.038192222402965
0.81463717326724	-2.76580299412303	4.70003826447487	0.036816874708
0.826110936271004	-2.85605680255881	4.56703968238055	0.0328463106142725
0.837584699274768	-2.93036432123991	4.31638950466723	0.0266460125655838
0.849058462278532	-2.88110313983524	3.92378635946974	0.018923460202277
0.860532225282296	-2.60302387241968	3.38960353488205	0.0106968283093082
0.87200598828606	-2.0115838407296	2.73626931409366	0.00311506358638911
0.883479751289824	-1.05952702726464	1.99896233398853	-0.00280571979355491
0.894953514293588	0.255256176438526	1.21367913155321	-0.00641785101516405
0.906427277297352	1.89433813383859	0.406884203369094	-0.00754986526870487
0.917901040301116	3.79417309188778	-0.410238192658014	-0.00644664086867722
0.92937480330488	5.88577120376262	-1.2415472585547	-0.00357651432861358
0.940848566308644	8.1099159513898	-2.09987126152284	0.00060533185537056
0.952322329312408	10.4205262223232	-2.99653528960309	0.00583104505241249
0.963796092316172	12.7729443977314	-3.92896456612159	0.0120503305995985
0.975269855319936	15.0997033213516	-4.86954008588015	0.0192974960588079
0.986743618323699	17.2821565269575	-5.75924419975005	0.0274606369369418
0.998217381327463	19.1307484597646	-6.50971204343387	0.0360883270924715
1.00969114433123	20.3886538834854	-7.01689772271455	0.0443744147878708
1.02116490733499	20.7726224883923	-7.18792261620961	0.0513759052001384
1.03263867033876	20.060185404005	-6.97886168086019	0.0563784949012404
1.04411243334252	18.2207592250272	-6.43493407068753	0.0592159374796256
1.05558619634628	15.5639760083695	-5.71639897726907	0.0603463706608974
1.06705995935005	12.8349760861121	-5.08417608651906	0.0606044245731619
1.07853372235381	11.1166221855575	-4.80888651230315	0.0607567565702054
1.09000748535758	11.297292485321	-4.95591280023665	0.0611832843140473
1.10148124836134	12.7302432192542	-4.99098685301538	0.0616939174410366
1.1129550113651	10.5494838848535	-3.15568313183566	0.0597171599606573
1.12442877436887	-9.12698052570128	4.41877608079759	0.0421207643092577
1.13590253737263	-25.9237300196467	10.1602939888966	-0.0264259440255048
