0	0
6.46009606368393e-27	0
6.46494396124292e-27	-4.33677560271752e-19
8.84046705488941e-11	-0.0030217943969382
1.76809341097788e-10	-0.00604346077488443
2.65214011646682e-10	-0.00906499644083909
1.06337016115397e-09	-0.0363390286689016
1.86152631066126e-09	-0.0636024858450825
2.65968246016855e-09	-0.0908552903406502
3.45783860967585e-09	-0.118097417985004
1.14394001047488e-08	-0.389932679900212
1.94209615998217e-08	-0.660704688985793
2.74025230948946e-08	-0.930417513052602
3.53840845899675e-08	-1.1990754328776
7.51264877102165e-08	-2.52123944979187
1.14868890830465e-07	-3.81787402984493
1.54611293950714e-07	-5.08949169157717
1.94353697070963e-07	-6.33659375757006
2.34096100191212e-07	-7.55967074900649
2.51450116507872e-07	-8.08633142907388
2.51450116507876e-07	-8.086331429074
2.58838330326833e-07	-8.30891776180992
2.6622654414579e-07	-8.53072192491745
2.73614757964747e-07	-8.75173041047586
3.02451859417608e-07	-9.60736594478566
3.31288960870468e-07	-10.4513341164206
3.60126062323329e-07	-11.2835896736112
3.8896316377619e-07	-12.104229402875
4.61698415121972e-07	-14.1239272292169
5.34433666467754e-07	-16.0733810335758
6.07168917813536e-07	-17.9550748410016
6.79904169159318e-07	-19.7714763007709
9.10486978675535e-07	-25.1235843062417
1.14106978819175e-06	-29.9123604533852
1.32991704211676e-06	-33.4596595213776
1.51876429604177e-06	-36.7025292167334
1.70761154996677e-06	-39.6687383122351
1.89645880389178e-06	-42.3836295561815
2.08530605781679e-06	-44.8702891755875
2.34975805749154e-06	-48.0086661527573
2.34975805749159e-06	-48.0086661527579
2.3684103243263e-06	-48.215367382874
2.38706259116101e-06	-48.4202780461944
2.40571485799571e-06	-48.6233758990281
2.5012699327889e-06	-49.6378144911423
2.59682500758208e-06	-50.6077519669676
2.69238008237526e-06	-51.534470387277
2.78793515716845e-06	-52.4196841634603
2.92052393524596e-06	-53.582414967932
3.05311271332348e-06	-54.6732797320773
3.185701491401e-06	-55.6968581261194
3.31829026947852e-06	-56.6573688945867
3.45087904755604e-06	-57.5586980242618
3.7491080006963e-06	-59.3883841952676
4.04733695383656e-06	-60.9740943106473
4.34556590697683e-06	-62.3481794027864
4.64379486011709e-06	-63.5388500436391
4.94202381325735e-06	-64.5706030194176
5.24025276639762e-06	-65.4646232631581
5.83809622956122e-06	-66.9139749189749
6.43593969272482e-06	-68.00144727276
7.03378315588843e-06	-68.8164418902698
7.63162661905203e-06	-69.4266158175238
8.22947008221564e-06	-69.8832404790901
8.82731354537924e-06	-70.2247978735714
9.70734902001884e-06	-70.5778633560596
1.05873844946584e-05	-70.8070849300984
1.1467419969298e-05	-70.9541031308462
1.23474554439376e-05	-71.0472162093555
1.32274909185772e-05	-71.1054805880536
1.41075263932168e-05	-71.1411558760621
1.55105105323476e-05	-71.1704964025504
1.69134946714783e-05	-71.1796281378439
1.8316478810609e-05	-71.1774638269774
1.97194629497398e-05	-71.1697725723997
2.11224470888705e-05	-71.1599072538334
2.25254312280013e-05	-71.149139041533
2.58553139511669e-05	-71.1235418925159
2.91851966743325e-05	-71.0952677898682
3.25150793974981e-05	-71.0645799259223
3.58449621206637e-05	-71.0346561536046
3.91748448438294e-05	-71.0063437117873
4.2504727566995e-05	-70.9781859970285
5.10453578447606e-05	-70.9069445334248
5.95859881225263e-05	-70.8314018855226
6.81266184002919e-05	-70.7562975196904
7.66672486780576e-05	-70.6837499637931
8.52078789558233e-05	-70.6111010750897
9.37485092335889e-05	-70.5375028816622
0.000110236545573677	-70.3962206233605
0.000126724581913765	-70.2554303612282
0.000143212618253854	-70.114920132635
0.000159700654593942	-69.9746206266449
0.00017618869093403	-69.8346018787733
0.00022570851969208	-69.4157785780048
0.00027522834845013	-68.9994927089622
0.00032474817720818	-68.5856849059037
0.00037426800596623	-68.1743609069635
0.00042378783472428	-67.7655080290115
0.000492026063959154	-67.2061255663712
0.000560264293194029	-66.6513627007715
0.000628502522428903	-66.1011823448554
0.000696740751663777	-65.5555460252957
0.000764978980898652	-65.0144162084399
0.000833217210133526	-64.477755846719
0.000942772778355255	-63.6254100645626
0.00105232834657698	-62.7843384453809
0.00116188391479871	-61.9543918373704
0.00127143948302044	-61.1354230851376
0.00138099505124217	-60.3272869852525
0.0014905506194639	-59.5298402572396
0.00163555746702086	-58.4905432280595
0.00178056431457783	-57.4694025303551
0.00192557116213479	-56.4661009772311
0.00207057800969176	-55.4803269236883
0.00221558485724872	-54.5117741675916
0.00236059170480568	-53.5601418555146
0.0025765346845092	-52.1737041726772
0.00279247766421272	-50.8231813112921
0.00300842064391624	-49.5076429430663
0.00322436362361975	-48.2261828311642
0.00344030660332327	-46.977918196539
0.00365624958302679	-45.761989124314
0.00405765399159901	-43.5848364243393
0.00445905840017122	-41.5113501420886
0.00486046280874344	-39.5365946009168
0.00526186721731565	-37.6558691079429
0.00566327162588787	-35.8646963975337
0.00606467603446008	-34.1588122279554
0.00701669419497207	-30.4306382489821
0.00796871235548406	-27.109763979414
0.00892073051599605	-24.1517092940718
0.00987274867650804	-21.5168701273114
0.0103590653911028	-20.2840765248032
0.010359065391103	-20.284076524803
0.0103603281681749	-20.2712257034934
0.0103615909452468	-20.2505931385746
0.0103628537223188	-20.224952730323
0.0103641164993907	-20.1959326726144
0.0103667964838047	-20.1270137816212
0.0103694764682187	-20.0506681400422
0.0103721564526327	-19.9679451386429
0.0103748364370466	-19.8793162214889
0.0103806451504797	-19.6652057366667
0.0103864538639127	-19.4176673086314
0.0103922625773458	-19.1309621358223
0.0103980712907788	-18.7983086552629
0.0104038800042119	-18.4122617133029
0.010412704180071	-17.7042942135729
0.0104215283559301	-16.817379957044
0.0104303525317892	-15.7057523298314
0.0104391767076483	-14.3118496083651
0.0104480008835074	-12.5639143071008
0.0104568250593665	-10.3719479712428
0.0104656492352256	-7.62269335651987
0.0104744734110847	-4.17410903723296
0.0104830195101232	-6.00529693789605e-11
0.0104830195101233	0
0.0104835924457463	0
0.0104841653813694	0
0.0104847383169924	0
0.0104853112526154	0
0.0104869445866864	0
0.0104885779207575	0
0.0104902112548285	0
0.0104918445888996	0
0.0104955558726598	0
0.01049926715642	0
0.0105029784401802	0
0.0105066897239405	0
0.0105147921497585	0
0.0105228945755766	0
0.0105309970013946	0
0.0105390994272127	0
0.0105472018530307	0
0.0105739541099298	0
0.0106007063668289	0
0.010627458623728	0
0.0106542108806271	0
0.0106809631375262	0
0.0107077153944253	0
0.0107596013399636	0
0.0107990329614297	0
0.0107990329614298	0
0.0108051338060177	0
0.0108112346506055	0
0.0108173354951933	0
0.0108356380289568	0
0.0108539405627203	0
0.0108700572017261	0
0.0108700572017263	0
0.0108781619547153	0
0.0108862667077043	0
0.0108943714606932	0
0.0109024762136822	0
0.0109293034086191	0
0.010956130603556	0
0.010982957798493	0
0.0110097849934299	0
0.0110544759050939	0
0.011099166816758	0
0.011143857728422	0
0.0111885486400861	0
0.0112332395517501	0
0.0113226536138942	0
0.0114120676760383	0
0.0115014817381824	0
0.0115908958003265	0
0.0116803098624706	0
0.0117697239246147	0
0.0119071495496719	0
0.012044575174729	0
0.0121820007997862	0
0.0123194264248434	0
0.0124568520499005	0
0.0125942776749577	0
0.0127783877955929	0
0.0129624979162281	0
0.0131466080368634	0
0.0133307181574986	0
0.0135148282781338	0
0.0136989383987691	0
0.0139837331753915	0
0.0142685279520139	0
0.0145533227286363	0
0.0148381175052587	0
0.0151229122818811	0
0.0154077070585035	0
0.0160807125010798	0
0.0167537179436561	0
0.0170867480671761	0
0.0170867480671763	-2.07071339242137e-12
0.0170942710918116	-0.0916716099405393
0.0171017941164469	-0.204332899484184
0.0171093171410822	-0.344126365751925
0.0171168401657175	-0.517495534709447
0.0171305697727322	-0.931995644155057
0.0171442993797468	-1.52503820615519
0.0171580289867614	-2.37814422754534
0.0171692230999994	-3.3361470894786
0.0171804172132374	-4.62198174391635
0.0171896328117352	-5.99684878022787
0.017198848410233	-7.74543781096035
0.0172080640087309	-9.96887848401258
0.0172153027198363	-12.1215989797511
0.0172225414309416	-14.718894811271
0.017229780142047	-17.8525093985222
0.0172320293155738	-18.9537936323026
0.0172320293155741	-18.9537936324354
0.017232330575147	-19.0880982262349
0.0172326318347199	-19.2054478182873
0.0172329330942927	-19.3077030300569
0.0172332343538656	-19.3966599822582
0.0172340760122079	-19.595280889081
0.0172349176705501	-19.7294140762965
0.0172357593288923	-19.8177609622757
0.0172366009872345	-19.875303278716
0.0172381881916454	-19.9309965329475
0.0172397753960563	-19.9554363549169
0.0172413626004673	-19.9672510483633
0.0172429498048782	-19.9716919127328
0.0172445370092891	-19.9712147531801
0.0172488395639168	-19.96370665461
0.0172531421185446	-19.9519411069049
0.0172574446731723	-19.9410947510175
0.0172617472278	-19.9310320417671
0.017291465140026	-19.8591708083726
0.0173211830522519	-19.7880059171578
0.0173509009644779	-19.7167160579102
0.0173806188767038	-19.645735387745
0.0174541448125483	-19.4712836952395
0.0175276707483927	-19.2984368241409
0.0176011966842372	-19.1270814141017
0.0176747226200816	-18.9572579579067
0.0177482485559261	-18.7889502270254
0.0178342186671203	-18.5940530404134
0.0179201887783144	-18.4011813798286
0.0180061588895086	-18.2103150439035
0.0180921290007028	-18.0214324693353
0.018178099111897	-17.8345131924059
0.0182640692230912	-17.6495368812404
0.0184057641673157	-17.3488476891185
0.0185474591115402	-17.0532925332454
0.0186891540557647	-16.7627837620351
0.0188308489999893	-16.47723520875
0.0189725439442138	-16.1965621804601
0.0191142388884383	-15.9206814316949
0.0193182634405595	-15.5316981415531
0.0195222879926807	-15.1522419568233
0.0197263125448019	-14.7820795432612
0.0199303370969231	-14.420983276551
0.0201343616490443	-14.0687311038191
0.0203383862011655	-13.7251064110601
0.0207020310597444	-13.1333790322315
0.0210656759183232	-12.5672349454439
0.0214293207769021	-12.0255681751789
0.0217929656354809	-11.5073204940099
0.0221566104940598	-11.011479352672
0.0225202553526386	-10.5370759720281
0.0234376551642126	-9.42940063386748
0.0243550549757866	-8.43858536781406
0.0252724547873607	-7.55230960523063
0.0261898545989347	-6.75954956590366
0.0271072544105087	-6.05043761895536
0.0280246542220827	-5.41614523451818
0.0298414908402636	-4.35176274759174
0.0316583274584445	-3.49850696340868
0.0334751640766253	-2.81391504045196
0.0352920006948062	-2.26457591850347
0.0371088373129871	-1.82390185586922
0.0393902995276615	-1.39155243963206
0.0416717617423359	-1.06366773379644
0.0439532239570103	-0.81523512581903
0.0462346861716847	-0.627091678478614
0.0485161483863591	-0.484569463182114
0.0507976106010335	-0.376561076958644
0.0545505721098037	-0.25226350523876
0.058303533618574	-0.173317089652029
0.0620564951273442	-0.123599406627608
0.0658094566361145	-0.0924347957887903
0.0695624181448847	-0.072787116328511
0.073315379653655	-0.0602949981185936
0.0794555197118403	-0.0484205504325526
0.0855956597700256	-0.0427477571022938
0.0917357998282109	-0.0404828248602289
0.0978759398863962	-0.0397073518352012
0.104016079944582	-0.0393230249709844
0.110156220002767	-0.0390346756257747
0.114146981713669	-0.0388235133446702
0.11414698171367	-0.0388235133445244
0.114328154131472	0.0397240930016304
0.114509326549275	0.118454388022834
0.114521322915522	0.123652864562645
0.114521322915523	0.123652864563251
0.114702495333326	0.183607756208815
0.114883667751128	0.243513191168223
0.11506484016893	0.303367567328375
0.115460424952147	0.433902336486467
0.115856009735364	0.564205239770531
0.116251594518581	0.694266267658296
0.116647179301798	0.824082949179707
0.1176025817795	1.13659773713088
0.118557984257202	1.44767378076946
0.119513386734905	1.75730311919005
0.120468789212607	2.06547840631748
0.12379474448813	3.12680058954349
0.127120699763652	4.17009343994622
0.130446655039175	5.19503991871057
0.133772610314697	6.20138362031761
0.140264086928375	8.11102230404178
0.146755563542053	9.94704236027282
0.153247040155731	11.7076918334139
0.159738516769409	13.3915132324895
0.166229993383086	14.9973317721048
0.176689539162433	17.4181862480781
0.18714908494178	19.6307087650692
0.197608630721127	21.6329760140309
0.208068176500474	23.4241614180622
0.218527722279821	25.0046711449005
0.230327722279821	26.5368710442497
0.242127722279821	27.8067797697892
0.253927722279821	28.8197525462749
0.265727722279821	29.5826167459522
0.277527722279821	30.1035385197789
0.289327722279821	30.3917428015387
0.301127722279821	30.4575939471059
0.312927722279821	30.3127746264313
0.324727722279821	29.9697519594284
0.336527722279821	29.4414241232212
0.348327722279821	28.741327883298
0.358272755954335	28.0280739736752
0.358272755954338	28.0280739736749
0.358339092624252	28.0229567392315
0.358405429294166	28.0178350096793
0.35847176596408	28.0127086926889
0.358670775973822	27.9972926743549
0.358869785983563	27.9818360076755
0.359068795993305	27.9663381917671
0.359820418310143	27.9074646319802
0.36057204062698	27.8480217378607
0.361323662943818	27.7880026161702
0.362075285260655	27.7274072825077
0.363481632167825	27.6124922388983
0.364887979074995	27.495593164841
0.366294325982165	27.3767356201281
0.367700672889334	27.2559451094264
0.369107019796504	27.1332463754371
0.371594922924039	26.911607172845
0.374082826051575	26.6842122938612
0.37657072917911	26.4511947484641
0.379058632306646	26.2126910926261
0.385679626367993	25.5526348215398
0.39230062042934	24.857328671643
0.398921614490687	24.1292840821381
0.405542608552034	23.3710757495431
0.414855107645975	22.2582629246691
0.414855107645982	22.2582629246683
0.415384246482978	22.1934685301738
0.415913385319974	22.1285266216757
0.416442524156969	22.0634353128859
0.418029940667957	21.8669802501321
0.419617357178945	21.6692583014785
0.421204773689933	21.4702850775985
0.424253825429865	21.0851518762598
0.427302877169798	20.6959220643414
0.43035192890973	20.3026636399286
0.433400980649663	19.9055576608615
0.442442342235335	18.7084925358957
0.451483703821007	17.485814677857
0.460525065406679	16.243314641098
0.469566426992352	14.9868081387739
0.481366426992352	13.334571103906
0.493166426992352	11.6796635006617
0.504966426992352	10.0338455539118
0.516766426992352	8.40801446622207
0.528566426992352	6.81218770969411
0.53370354186682	6.12916192860201
0.533703541866827	6.12916192860094
0.533959575729911	6.08319571064205
0.534215609592995	6.03729997947385
0.534471643456079	5.99147567272603
0.534727677319163	5.94572243236835
0.535457391179062	5.8158312885641
0.536187105038962	5.68648683018175
0.536916818898861	5.5576858183141
0.538571318264773	5.26811660180734
0.540225817630684	4.98112930260135
0.541880316996595	4.69667952145806
0.545135586948908	4.14329261532722
0.548390856901222	3.59878617399382
0.551646126853535	3.06324810057738
0.554901396805849	2.53664141360421
0.56140793023435	1.51071008267805
0.567914463662851	0.52042890114568
0.574420997091352	-0.433612560295244
0.574427656690403	-0.434570181428802
0.57442765669041	-0.434570181429238
0.574872010394093	-0.414242887438247
0.575316364097777	-0.39481072603332
0.575760717801461	-0.376146289222977
0.576205071505144	-0.358706702340011
0.577542385542333	-0.313174263732007
0.578879699579521	-0.273793824681253
0.58021701361671	-0.240044253557067
0.583308664068949	-0.177144969324588
0.586400314521187	-0.133162077456031
0.589491964973426	-0.102979689470224
0.59	-0.0992214846882462
