0	0
1.65435949463787e-24	0
1.65436405277915e-24	-4.31986803099693e-19
1.65516517180387e-24	-4.31986803099693e-19
1.65517068163874e-24	-4.32197734155894e-19
7.90598066538115e-12	-9.84294573996171e-07
1.58119613307606e-11	-1.96858912620601e-06
2.37179419961401e-11	-2.95288365617067e-06
4.74358839922786e-11	-5.90576706605e-06
7.11538259884171e-11	-8.85865027822975e-06
9.48717679845555e-11	-1.1811533289949e-05
1.89743535969109e-10	-2.36230624981095e-05
2.84615303953663e-10	-3.54345885495608e-05
3.79487071938217e-10	-4.72461113946608e-05
7.58974143876433e-10	-9.44921573563587e-05
1.13846121581465e-09	-0.000141738152810982
1.51794828775286e-09	-0.000188984096964287
3.03589657550573e-09	-0.000377967397940121
4.55384486325859e-09	-0.000566949895378602
6.07179315101145e-09	-0.000755931575500331
7.58974143876431e-09	-0.000944912433428979
1.51794828775286e-08	-0.00188980437373439
2.27692243162929e-08	-0.00283467573750819
3.03589657550572e-08	-0.00377952652428308
3.79487071938216e-08	-0.00472435673487147
6.42499612938167e-08	-0.00799838279595451
9.05512153938119e-08	-0.0112721618102714
1.16852469493807e-07	-0.0145456938143518
1.43153723593802e-07	-0.0178189788443673
1.69454977693797e-07	-0.0210920169363125
2.58842831750934e-07	-0.0322139701712914
3.4823068580807e-07	-0.0433330729556847
3.75817214777377e-07	-0.0467640314797301
3.75817214777384e-07	-0.0467640314797309
3.80167602017911e-07	-0.0473050655092075
3.84517989258439e-07	-0.0478460929560972
3.88868376498967e-07	-0.048387113681783
4.0191953822055e-07	-0.0500101392056552
4.14970699942133e-07	-0.0516331059413807
4.28021861663717e-07	-0.0532560125384942
4.410730233853e-07	-0.0548788585215315
5.06328831993216e-07	-0.0629921778072024
5.71584640601132e-07	-0.0711039801807009
6.36840449209048e-07	-0.0792142660423972
7.02096257816965e-07	-0.0873230359360371
1.02837530085655e-06	-0.127844175265028
1.35465434389613e-06	-0.168327500279012
1.68093338693571e-06	-0.208773076811883
2.00721242997529e-06	-0.249180973180953
3.38927269149188e-06	-0.419925379673626
4.77133295300847e-06	-0.590000087885084
5.76684097077878e-06	-0.712094091714779
5.76684097077885e-06	-0.712094091714788
5.80445328156571e-06	-0.716700148373148
5.84206559235256e-06	-0.721305727656278
5.87967790313941e-06	-0.725910819597544
5.99251483549997e-06	-0.739723438736133
6.10535176786052e-06	-0.753531798128535
6.21818870022108e-06	-0.767335802160245
6.33102563258164e-06	-0.781135418779634
6.61582731817635e-06	-0.815946283706773
6.90062900377107e-06	-0.850729217238244
7.18543068936579e-06	-0.885484261664428
7.4702323749605e-06	-0.920211461656138
8.66943959414632e-06	-1.06613192675601
9.86864681333213e-06	-1.21156277475653
1.10678540325179e-05	-1.35650727547758
1.22670612517038e-05	-1.50096867111274
1.34662684708896e-05	-1.64495018021031
1.96187722329508e-05	-2.37621502041374
2.5771275995012e-05	-3.09535473846891
3.19237797570732e-05	-3.80278095227318
3.80762835191344e-05	-4.49889192240371
4.42287872811956e-05	-5.18407314048786
5.91896614738444e-05	-6.80688687803051
7.41505356664932e-05	-8.37234655411003
8.37968778027261e-05	-9.35351614105555
8.37968778027269e-05	-9.35351614105564
8.43646668348995e-05	-9.41057683101263
8.4932455867072e-05	-9.46755571340742
8.55002448992445e-05	-9.52445105944557
8.7203611995762e-05	-9.69468225730737
8.89069790922796e-05	-9.8641857900302
9.06103461887971e-05	-10.0329474852771
9.23137132853146e-05	-10.2009641418379
9.81459722583362e-05	-10.7706474870507
0.000102872743616544	-11.2260284558008
0.000107599514974752	-11.6758141238377
0.00011232628633296	-12.1200634925823
0.000117053057691168	-12.5588344375531
0.000129808126054853	-13.7159366967956
0.000142563194418539	-14.8346429325615
0.000155318262782225	-15.916023873579
0.000168073331145911	-16.9611161330822
0.000180828399509597	-17.9709248929735
0.00020923831877063	-20.0982207109711
0.000237648238031664	-22.0656301481567
0.000266058157292697	-23.8828967378793
0.00029446807655373	-25.5592051358596
0.000322877995814764	-27.1031968263526
0.000351287915075797	-28.5229936075885
0.000406877324324875	-30.9706399987139
0.000462466733573953	-33.0240559668837
0.00051805614282303	-34.7296892368058
0.000573645552072108	-36.128798864115
0.000629234961321186	-37.2580268010878
0.000673717196330042	-37.9892378502596
0.000673717196330049	-37.9892378502597
0.000681143719931613	-38.094278004969
0.000688570243533177	-38.195597399043
0.000695996767134741	-38.2931801615359
0.000703423290736305	-38.3870771814003
0.000725756070149465	-38.6499900384066
0.000748088849562624	-38.8825685246178
0.000770421628975784	-39.0855936588334
0.000792754408388943	-39.2603333486673
0.000831241968377465	-39.4990455921721
0.000869729528365987	-39.664804284498
0.000908217088354509	-39.764317321685
0.000946704648343031	-39.8036813310085
0.000985192208331552	-39.7884164048805
0.00105996358572728	-39.6214326558964
0.00113473496312302	-39.3000774868382
0.00120950634051875	-38.852397836909
0.00128427771791448	-38.3023920294228
0.00135904909531021	-37.6704846274022
0.00143382047270594	-36.9739589620554
0.00156618042185161	-35.6266218669973
0.00169854037099727	-34.1860558206392
0.00183090032014293	-32.6994860669099
0.0019632602692886	-31.2017107829018
0.00209562021843426	-29.71803511185
0.00222798016757992	-28.2663308523619
0.00241775797470136	-26.2646885651552
0.00260753578182279	-24.3751014685659
0.00279731358894423	-22.6076165146293
0.00298709139606566	-20.9655200423561
0.0031768692031871	-19.4475481799562
0.00336664701030853	-18.0492888859553
0.00360153332327235	-16.4751734928667
0.00383641963623617	-15.0612828437208
0.00407130594919999	-13.7936181583984
0.00430619226216381	-12.6586474750785
0.00454107857512763	-11.6434875436004
0.00468672066994823	-11.0688719892876
0.00468672066994828	-11.0688719892874
0.00472398985176261	-10.9167088517783
0.00476125903357694	-10.764710017917
0.00479852821539127	-10.6130038688291
0.00483579739720561	-10.4617101094599
0.00497162594732345	-9.91531003770203
0.00510745449744129	-9.37915685830729
0.00524328304755913	-8.85630671041203
0.00537911159767697	-8.34897312941258
0.00558317623841764	-7.61893722710719
0.00578724087915832	-6.9286995826029
0.00599130551989899	-6.27853001645596
0.00619537016063967	-5.66750558977371
0.00654649876549908	-4.70280776654967
0.0068976273703585	-3.83875395640221
0.00724875597521791	-3.06355976170581
0.00759988458007733	-2.3658951541241
0.00795101318493675	-1.73577267422394
0.0079843293305889	-1.67922303004339
0.00798432933058901	-1.6792230300432
0.00799659297349958	-1.65775954361138
0.00800632930671729	-1.64018938222236
0.008016065639935	-1.62210707516099
0.00802580197315271	-1.60352809113364
0.00806727461571642	-1.51956804956024
0.00810874725828012	-1.42778787783181
0.00815021990084382	-1.3287312402154
0.00819169254340752	-1.22293735914484
0.00829447361710894	-0.934185517191802
0.00839725469081036	-0.611378509712518
0.00850003576451177	-0.257029055138094
0.00860281683821319	0.128070244137066
0.00870559791191461	0.5439928897473
0.00881652231577025	1.02799992391846
0.00892744671962589	1.54931954738889
0.00894363816089704	1.62860203155089
0.00894363816089715	1.62860203155126
0.00895210569442006	1.63263624289109
0.00896057322794298	1.63667016912591
0.00896904076146589	1.64070377633169
0.00899444336203464	1.65280281632127
0.00901984596260338	1.66489896182885
0.00904524856317213	1.67699221217161
0.00907065116374087	1.6890826124462
0.00911599325800918	1.71065641906137
0.00916133535227749	1.73222160871995
0.0092066774465458	1.75377822571681
0.00925201954081411	1.77532623750321
0.00929736163508242	1.79686562658081
0.00941210673032103	1.85133609042153
0.00952685182555963	1.90575265881541
0.00964159692079824	1.96011655728548
0.00975634201603685	2.0144286572253
0.00987108711127546	2.06868820857608
0.00998583220651407	2.12289623941936
0.0101729857899498	2.21120469663559
0.0103601393733855	2.29938370805227
0.0105472929568213	2.38743456615984
0.010734446540257	2.47535753008207
0.0109216001236928	2.56315318806646
0.0111087537071285	2.65082360481302
0.0114308490446571	2.80141612109378
0.0117529443821858	2.95164969225393
0.0120750397197144	3.10153114349809
0.012397135057243	3.25106351128285
0.0127192303947716	3.40025114765231
0.0130413257323003	3.54910020273874
0.0136255465093546	3.8182378432787
0.014209767286409	4.08632865972544
0.0147720401567642	4.34339847019368
0.0147720401567644	4.34339847019377
0.0148790800615948	4.39220532617353
0.0149861199664252	4.44096043971547
0.0150931598712557	4.48966354238656
0.015301313163125	4.58425041165757
0.0155094664549943	4.67865032162523
0.0157176197468636	4.77285613088562
0.015925773038733	4.86686516969708
0.0162712607826111	5.02245957751026
0.0166167485264892	5.17751011306073
0.0169622362703673	5.33201961991088
0.0173077240142454	5.48600001337839
0.0178327831925086	5.71898390059027
0.0183578423707718	5.95072562171478
0.0188829015490349	6.18123575026123
0.0194079607272981	6.41053055541781
0.0199330199055613	6.6386093018074
0.0209485870446794	7.07634574872675
0.0219641541837975	7.50961446907557
0.0229797213229156	7.93845203736653
0.0239952884620337	8.36289721661996
0.0259068308086879	9.15002698063928
0.027818373155342	9.92200230216765
0.0297299155019962	10.6790935651722
0.0316414578486503	11.4215648919218
0.0335530001953044	12.1496736096446
0.0384281204888624	13.9432924689386
0.0433032407824203	15.649171697796
0.0481783610759783	17.2712033158866
0.0530534813695362	18.8131009633658
0.0579286016630942	20.2784120011179
0.0647017104900154	22.1934297827145
0.0714748193169366	23.975780933387
0.0782479281438578	25.6335636652495
0.085021036970779	27.174390677428
0.0917941457977002	28.6054193579564
0.0930320615277577	28.8556354502151
0.0930320615277586	28.8556354502153
0.0930419967151599	28.8576297227492
0.0930519319025611	28.8596237815004
0.0930618670899624	28.8616176219814
0.0930916726521663	28.867597953278
0.0931214782143701	28.8735763759146
0.0931512837765739	28.879552846418
0.0931810893387778	28.8855273497504
0.0932761879419947	28.9045766297536
0.0933712865452117	28.9236058770129
0.0934663851484287	28.9426151077128
0.0935614837516457	28.9616043397909
0.0938859680172168	29.0262468673627
0.0942104522827879	29.090657475309
0.094534936548359	29.1548368686295
0.0948594208139301	29.2187857480666
0.0951839050795012	29.2825048110182
0.096296738049893	29.4992960652295
0.0974095710202848	29.7134202891541
0.0985224039906766	29.9249050538703
0.0996352369610684	30.1337776624879
0.10074806993146	30.3400651421371
0.101860902901852	30.543794239919
0.106237976528539	31.3207990211778
0.110615050155227	32.0601997098944
0.114992123781914	32.7635050896193
0.119369197408601	33.4321644242578
0.123746271035289	34.0675698443802
0.128123344661976	34.6710585097179
0.13491717950329	35.5475389334107
0.141711014344604	36.3547707195014
0.148504849185918	37.0970390127059
0.155298684027232	37.7783696561449
0.162092518868546	38.4025447870439
0.16888635370986	38.9731170482785
0.179182250405724	39.7430361962147
0.189478147101588	40.4082052678291
0.199774043797452	40.9783872250732
0.210069940493316	41.4624646007382
0.22036583718918	41.8685181443437
0.230661733885044	42.2038961307707
0.244261733885044	42.5498334310771
0.257861733885044	42.7978515872383
0.271461733885044	42.9601106927404
0.271576016575426	42.961142274466
0.271576016575433	42.9611422744661
0.271576053464849	42.9611426065154
0.271576090354265	42.9611429385641
0.271576127243682	42.9611432706123
0.27157623791193	42.961144266754
0.271576348580179	42.9611452628908
0.271576459248428	42.9611462590227
0.271576569916677	42.9611472551497
0.27157686536593	42.9611499144697
0.271577160815183	42.9611525737544
0.271577456264436	42.9611552330038
0.271577751713689	42.9611578922178
0.271579486851945	42.9611735087524
0.271581221990201	42.961189124069
0.271582957128457	42.9612047381677
0.271584692266714	42.9612203510484
0.271593367957994	42.9612983971848
0.271602043649275	42.9613764128765
0.271610719340556	42.9614543981262
0.271619395031836	42.9615323529365
0.27166277348824	42.9619216704865
0.271706151944643	42.962310227441
0.271749530401046	42.9626980241264
0.271792908857449	42.9630850608686
0.271836287313853	42.9634713379931
0.272096558052272	42.9657730669665
0.272356828790692	42.9680475315664
0.272617099529112	42.9702948018108
0.272877370267532	42.9725149475429
0.273137641005951	42.9747080384334
0.27469926543647	42.9873023130647
0.276260889866988	42.9989399855893
0.277822514297506	43.0096357293056
0.279384138728025	43.0194040074068
0.280945763158543	43.028259075824
0.282507387589061	43.0362149858756
0.290696446937908	43.0637543263192
0.298885506286755	43.0688476070893
0.307074565635602	43.0532652252301
0.315263624984449	43.0186480721608
0.323452684333296	42.9665174534158
0.331641743682143	42.8982836349751
0.345241743682143	42.7528721287674
0.358841743682143	42.5720327217097
0.372441743682143	42.3605329891012
0.386041743682143	42.1225765245704
0.399641743682143	41.8618690628925
0.413241743682143	41.581674067997
0.426841743682143	41.2848635453491
0.440441743682143	40.9739625395985
0.454041743682143	40.6511949493771
0.467641743682143	40.3185192597671
0.481241743682143	39.9776567984162
0.494841743682143	39.6301183532657
0.508441743682143	39.2772301433569
0.522041743682143	38.9201568425729
0.535641743682143	38.5599206035274
0.549241743682143	38.1974172298437
0.562841743682143	37.8334308530726
0.576441743682143	37.4686473651073
0.580543717827735	37.3585588013034
0.580543717827742	37.3585588013032
0.583123185164285	37.2893307144576
0.58526611576919	37.2318216065498
0.587409046374096	37.1743175774797
0.589551976979001	37.1168205600447
0.59856023613026	36.8752413558008
0.607568495281519	36.633934860756
0.616576754432778	36.3930193284833
0.625585013584037	36.1526084619958
0.639185013584037	35.7908680953004
0.652785013584037	35.4308247714013
0.666385013584037	35.0727501389421
0.679985013584038	34.7168828026548
0.68	34.7164919405507
