0	0
6.61744313567986e-24	0
6.61744823204527e-24	1.3552526752172e-20
2.14783685447159e-15	1.40122166252182e-12
2.28504054497961e-15	1.49073163173295e-12
2.28504054497964e-15	1.49073163173297e-12
4.43287739283378e-15	2.89195315531287e-12
6.58071424068792e-15	4.29317467596969e-12
8.72855108854206e-15	5.6943961910559e-12
1.51720616321045e-14	9.89806068505669e-12
2.16155721756669e-14	1.41017250780227e-11
2.80590827192293e-14	1.83053893289172e-11
3.45025932627917e-14	2.25090533950202e-11
5.49572117665604e-14	3.58533836261694e-11
7.54118302703291e-14	4.919771018094e-11
9.58664487740977e-14	6.25420317438238e-11
9.6393578992906e-14	6.28859244166378e-11
9.63935789929072e-14	6.28859244166386e-11
9.94910802067427e-14	6.49066925240016e-11
1.02588581420578e-13	6.69274604844773e-11
1.05686082634414e-13	6.89482282872133e-11
1.1497858627592e-13	7.50105307725496e-11
1.24271089917427e-13	8.10728317211873e-11
1.33563593558934e-13	8.71351309816236e-11
1.4285609720044e-13	9.3197428415664e-11
1.6597284374909e-13	1.08278456611621e-10
1.8908959029774e-13	1.23359470714903e-10
2.1220633684639e-13	1.38440468815823e-10
2.3532308339504e-13	1.53521448954118e-10
3.74252587797174e-13	2.44156192301381e-10
5.13182092199307e-13	3.34789776251646e-10
6.5211159660144e-13	4.2542179350292e-10
7.91041101003573e-13	5.16051819707365e-10
1.12332585485872e-12	7.32805741286707e-10
1.45561060871386e-12	9.49540104397311e-10
1.78789536256901e-12	1.16624907720077e-09
2.12018011642416e-12	1.38292687145909e-09
2.4524648702793e-12	1.59956774406755e-09
3.34194108777672e-12	2.17925726533563e-09
4.23141730527415e-12	2.75853309308048e-09
5.12089352277157e-12	3.3372890385874e-09
6.01036974026899e-12	3.91542155663093e-09
6.89984595776641e-12	4.49283037605857e-09
7.78932217526384e-12	5.06941905022452e-09
1.23336121832745e-11	7.99915851666548e-09
1.60576032516677e-11	1.03753354455123e-08
1.97815943200609e-11	1.27256149040663e-08
2.35055853884541e-11	1.50490884832295e-08
2.72295764568473e-11	1.73472950015521e-08
3.09535675252404e-11	1.96240810991665e-08
3.46775585936336e-11	2.18852404149046e-08
3.84015496620268e-11	2.41379834102031e-08
3.86114705272789e-11	2.42648806373517e-08
3.86114705272796e-11	2.42648806373522e-08
3.89224085815661e-11	2.44528444871197e-08
3.92333466358525e-11	2.46408083368854e-08
3.95442846901389e-11	2.48287721866493e-08
4.04770988529983e-11	2.53926637359253e-08
4.14099130158576e-11	2.59565552851848e-08
4.23427271787169e-11	2.65204468344277e-08
4.60739838301543e-11	2.87760130311576e-08
4.98052404815916e-11	3.10315792276181e-08
5.35364971330289e-11	3.32871454238045e-08
6.84615237387782e-11	4.23094102046679e-08
8.33865503445275e-11	5.13316749812138e-08
9.83115769502768e-11	6.03539397533744e-08
1.58011683373274e-10	9.64429987798964e-08
2.17711789796271e-10	1.32532057737339e-07
2.77411896219269e-10	1.68621116624615e-07
5.16212321911257e-10	3.12977351179797e-07
7.55012747603246e-10	4.57333584629704e-07
9.93813173295235e-10	6.01689816956952e-07
1.94901487606319e-09	1.17911473585721e-06
2.90421657883115e-09	1.75653963717297e-06
3.8594182815991e-09	2.33396452060256e-06
4.81461998436706e-09	2.9113893860391e-06
9.59062849820683e-09	5.79851344295838e-06
1.43666370120466e-08	8.68563704955335e-06
1.91426455258864e-08	1.15727602057956e-05
2.39186540397262e-08	1.4459882911684e-05
4.77986966089251e-08	2.889548968588e-05
7.1678739178124e-08	4.33310852013269e-05
9.55587817473229e-08	5.77666694580402e-05
1.19438824316522e-07	7.22022424560281e-05
2.38839037162516e-07	0.000144379938565434
3.58239250008511e-07	0.000216557353207723
4.77639462854505e-07	0.000288734486383695
5.970396757005e-07	0.000360911338094183
1.19404073993047e-06	0.000721791374693246
1.79104180416044e-06	0.00108266437478004
2.38804286839042e-06	0.00144353033845895
2.98504393262039e-06	0.00180438926583424
3.58204499685036e-06	0.00216524115701009
7.1640513822302e-06	0.00433020474970919
1.074605776761e-05	0.00649491506547565
1.43280641529899e-05	0.00865937212680615
1.79100705383697e-05	0.0108235759561957
2.14920769237495e-05	0.0129875265761376
4.29841152360285e-05	0.0259659141568025
6.44761535483076e-05	0.0389351918637969
8.59681918605866e-05	0.0518953645518607
0.000107460230172866	0.0648464370735502
0.000128952268485145	0.0777884142792397
0.000150444306797424	0.0907213010171237
0.00022736189861578	0.136932240035227
0.000304279490434137	0.183027028321897
0.000381197082252493	0.22900588743282
0.00045811467407085	0.274869038567293
0.000535032265889206	0.320616702568769
0.000611949857707563	0.366249099925377
0.00071870599856726	0.429393017608621
0.000825462139426957	0.492315903236118
0.000932218280286654	0.555018342920381
0.00103897442114635	0.617500921464619
0.00114573056200605	0.679764222365377
0.00125248670286574	0.74180882781513
0.00140376301388579	0.82935431331933
0.00155503932490583	0.916463480591087
0.00170631563592587	1.00313797277671
0.00185759194694591	1.08937942781656
0.00200886825796595	1.17518947845997
0.00216014456898599	1.26056975227976
0.0023730270354532	1.37999567883375
0.0025859095019204	1.49857822090343
0.0027987919683876	1.61632186247688
0.0030116744348548	1.73323106752428
0.003224556901322	1.84931028007831
0.0034374393677892	1.96456392431295
0.0037790921737533	2.14781865861994
0.0041207449797174	2.32897643950427
0.0044623977856815	2.50805523746941
0.0048040505916456	2.68507289406041
0.0051457033976097	2.86004712270003
0.0054873562035738	3.03299550949861
0.00630877156158831	3.44061921698594
0.00713018691960282	3.83687313061763
0.00795160227761734	4.22199279787315
0.00877301763563185	4.59620969809534
0.00959443299364636	4.95975130715963
0.0104158483516609	5.31284115825089
0.0122439684712295	6.06225799459419
0.0140720885907982	6.76334140791363
0.0159002087103668	7.41835473939954
0.0177283288299354	8.02947396892007
0.0195564489495041	8.59879077583658
0.0213845690690727	9.12831535906935
0.024632722509605	9.97688197396801
0.0278808759501373	10.7161149034505
0.0311290293906696	11.355588574218
0.0343771828312019	11.9041745723055
0.0376253362717342	12.3701056426628
0.0431369464259547	12.9929674234213
0.0486485565801752	13.4334789989737
0.0541601667343957	13.721276224089
0.0596717768886162	13.8823335817099
0.0651833870428367	13.9393438125015
0.0706949971970572	13.9120315341125
0.0802402145440513	13.7144326240442
0.0897854318910455	13.3864119586917
0.0993306492380397	12.9824917848217
0.108875866585034	12.5430706506949
0.118421083932028	12.0971101017356
0.127966301279022	11.6642601113039
0.139262507079654	11.1855079562485
0.150558712880286	10.7520601606743
0.161854918680918	10.3657328075301
0.17315112448155	10.0228870828727
0.184447330282182	9.71633942213916
0.189804310879559	9.58107098775678
0.189804310879561	9.58107098775674
0.191021738245979	9.54990906554661
0.192239165612397	9.51762403945104
0.193456592978814	9.48424199614395
0.194674020345232	9.44980966890765
0.198957595454282	9.32179815307962
0.203241170563333	9.18345364464849
0.207524745672383	9.03626754232305
0.211808320781433	8.88181133091773
0.218820623913257	8.61685861469182
0.225832927045081	8.34191347422741
0.232845230176905	8.06181510367801
0.23985753330873	7.78041579565065
0.246869836440554	7.50076951370779
0.258148627282774	7.06073682756454
0.269427418124994	6.63893356674868
0.280706208967214	6.2401772980247
0.291984999809434	5.8674005227301
0.303263790651654	5.52209004359002
0.314542581493873	5.20462165940606
0.323780085918884	4.96508143526508
0.323780085918887	4.96508143526499
0.323780085919482	4.96508143525015
0.323780085920077	4.96508143523531
0.323780085920671	4.96508143522046
0.323780085921266	4.96508143520562
0.323780085923645	4.96508143514626
0.323780085926024	4.96508143508689
0.323780085928402	4.96508143502752
0.323780085930781	4.96508143496816
0.323780085938424	4.96508143477741
0.323780085946067	4.96508143458667
0.32378008595371	4.96508143439593
0.323780085961353	4.96508143420518
0.323780085988479	4.96508143352819
0.323780085988483	4.9650814335281
0.32378008598949	4.96508143350095
0.323780085990497	4.96508143347146
0.323780085991505	4.96508143343959
0.323780085992385	4.96508143340987
0.323780085993266	4.96508143337833
0.32378008599396	4.96508143335233
0.323780085994654	4.96508143332524
0.323780085995348	4.96508143329708
0.323780085996525	4.96508143324736
0.323780085997702	4.96508143319495
0.323780085998878	4.96508143313986
0.323780086000055	4.96508143308226
0.323780086002199	4.96508143297146
0.323780086004344	4.96508143285432
0.323780086006488	4.96508143273245
0.323780086008632	4.96508143260758
0.323780086009959	4.9650814325296
0.323780086009963	4.96508143252939
0.323780086010388	4.96508143250439
0.323780086010812	4.96508143247939
0.323780086011237	4.96508143245439
0.323780086012512	4.96508143237939
0.323780086013786	4.9650814323044
0.323780086015061	4.9650814322294
0.323780086020159	4.96508143192941
0.323780086025257	4.96508143162941
0.323780086030355	4.96508143132942
0.323780086050746	4.96508143012945
0.323780086071138	4.96508142892948
0.32378008609153	4.96508142772951
0.323780086173096	4.96508142292963
0.323780086254663	4.96508141812975
0.32378008633623	4.96508141332988
0.323780086662497	4.96508139413036
0.323780086988764	4.96508137493085
0.323780087315031	4.96508135573133
0.323780088620099	4.96508127893328
0.323780089925167	4.96508120213524
0.323780091230235	4.9650811253372
0.323780096450507	4.96508081814509
0.323780101670779	4.96508051095304
0.323780106891052	4.96508020376106
0.323780127772141	4.96507897499403
0.323780148653229	4.965077746228
0.323780169534318	4.965076517463
0.323780253058674	4.96507160241741
0.323780336583029	4.96506668738788
0.323780420107385	4.96506177237466
0.323780754204806	4.96504211255284
0.323781088302228	4.96502245298794
0.32378142239965	4.96500279368401
0.323782758789337	4.96492416016486
0.323784095179024	4.96484553075628
0.32378543156871	4.96476690552281
0.323790777127458	4.96445246372332
0.323796122686206	4.96413808767559
0.323801468244953	4.9638237784052
0.323822850479944	4.96256748679671
0.323844232714935	4.96131224609432
0.323865614949925	4.96005807227897
0.323951143889888	4.9550564612929
0.32403667282985	4.95007159316009
0.324122201769812	4.94510369627439
0.324464317529662	4.92538859429001
0.324806433289511	4.90593667093194
0.325148549049361	4.88675031470402
0.325490664809211	4.86782886599715
0.327201243608458	4.77708173164191
0.328911822407706	4.69262225468916
0.330622401206954	4.61419048083185
0.332332980006202	4.54152269273013
0.339774350518865	4.28655916791258
0.347215721031529	4.11665551953267
0.354657091544192	4.01448360315134
0.355343983959283	4.0079396614372
0.355343983959286	4.00793966143717
0.356716904049002	3.99514165380015
0.358089824138717	3.98225992239622
0.359462744228433	3.96928489211349
0.360835664318148	3.95623910765047
0.36588529352019	3.90790378366186
0.370934922722231	3.85910917624688
0.375984551924273	3.81014141216111
0.381034181126314	3.76127803889691
0.381451172229421	3.757252616567
0.381451172229424	3.75725261656697
0.381451172230271	3.75725261655879
0.381451172231118	3.75725261655061
0.381451172231965	3.75725261654244
0.381451172234505	3.7572526165179
0.381451172237046	3.75725261649337
0.381451172239587	3.75725261646884
0.381451172242127	3.7572526164443
0.381451172248639	3.75725261638143
0.38145117225515	3.75725261631855
0.381451172261661	3.75725261625568
0.381451172261996	3.75725261625244
0.381451172262	3.75725261625241
0.381451172262886	3.7572526162429
0.381451172263772	3.75725261623226
0.381451172264658	3.75725261622048
0.381451172265544	3.75725261620753
0.381451172266939	3.75725261618438
0.381451172268334	3.75725261615835
0.381451172269267	3.75725261613959
0.3814511722702	3.75725261611955
0.381451172270952	3.7572526161026
0.381451172271703	3.75725261608486
0.381451172272455	3.75725261606637
0.38145117227385	3.75725261603046
0.381451172275244	3.75725261599233
0.381451172276638	3.75725261595208
0.381451172278032	3.7572526159099
0.381451172280428	3.75725261583368
0.381451172282823	3.75725261575391
0.381451172285218	3.75725261567214
0.38145117228577	3.75725261565318
0.381451172285773	3.75725261565306
0.381451172286307	3.7572526156347
0.381451172286841	3.75725261561634
0.381451172287375	3.75725261559798
0.381451172287909	3.75725261557963
0.381451172290045	3.7572526155062
0.381451172292181	3.75725261543276
0.381451172294317	3.75725261535933
0.38145117230286	3.75725261506561
0.381451172311403	3.75725261477189
0.381451172319947	3.75725261447816
0.38145117235412	3.75725261330327
0.381451172388294	3.75725261212837
0.381451172422467	3.75725261095348
0.381451172559162	3.75725260625389
0.381451172695856	3.75725260155431
0.38145117283255	3.75725259685473
0.381451173379327	3.7572525780564
0.381451173926104	3.75725255925808
0.381451174472881	3.75725254045975
0.381451176659988	3.75725246526646
0.381451178847095	3.75725239007318
0.381451181034203	3.7572523148799
0.381451189782632	3.75725201410693
0.381451198531062	3.7572517133341
0.381451207279491	3.75725141256142
0.381451242273209	3.75725020947271
0.381451277266928	3.75724900638626
0.381451312260646	3.75724780330211
0.381451452235518	3.75724299099806
0.381451592210391	3.75723817873021
0.381451732185264	3.75723336649912
0.381452292084754	3.75721411809551
0.381452851984244	3.757194870271
0.381453411883734	3.75717562303468
0.381455651481696	3.75709864242086
0.381457891079657	3.75702167107137
0.381460130677618	3.75694470913138
0.381469089069464	3.7566369946302
0.381478047461309	3.75632942828505
0.381487005853154	3.75602201239027
0.381522839420535	3.75479447811474
0.381558672987916	3.75356930963852
0.381594506555297	3.75234654187799
0.38173784082482	3.74748935861436
0.381881175094344	3.74266972867869
0.382024509363868	3.7378880968955
0.382597846441962	3.71911027625465
0.383171183520057	3.70091663004658
0.383744520598151	3.68330837242297
0.384317857676246	3.66627973223069
0.387184543066718	3.58935907913301
0.39005122845719	3.52556195407453
0.392917913847663	3.47385750371398
0.395784599238135	3.43322127840957
0.404422656509016	3.36888563537095
0.40442265650902	3.36888563537094
0.405615338994812	3.36502049074183
0.406808021480604	3.36103128684326
0.408000703966396	3.35691001124273
0.409193386452187	3.35267143950503
0.413964116395355	3.33480230734435
0.414632245823952	3.33218577126114
0.414632245823955	3.33218577126113
0.414632245824759	3.33218577125795
0.414632245825563	3.33218577125478
0.414632245826367	3.3321857712516
0.414632245828778	3.33218577124208
0.41463224583119	3.33218577123255
0.414632245833601	3.33218577122303
0.414632245836013	3.33218577121351
0.414632245842213	3.33218577118902
0.414632245844165	3.33218577118131
0.414632245844168	3.3321857711813
0.414632245845013	3.33218577117736
0.414632245845858	3.33218577117272
0.414632245846703	3.33218577116734
0.414632245848312	3.33218577115523
0.414632245849921	3.33218577114038
0.41463224585153	3.33218577112268
0.414632245853139	3.33218577110209
0.414632245855866	3.33218577106082
0.414632245858593	3.33218577101195
0.414632245861319	3.33218577095634
0.414632245864046	3.33218577089523
0.414632245866773	3.33218577083012
0.414632245870153	3.33218577074634
0.41463224587022	3.33218577074465
0.414632245870224	3.33218577074457
0.414632245870836	3.33218577072927
0.414632245871448	3.33218577071398
0.41463224587206	3.33218577069869
0.414632245873897	3.33218577065281
0.414632245875733	3.33218577060693
0.414632245877569	3.33218577056105
0.414632245884915	3.33218577037754
0.41463224589226	3.33218577019403
0.414632245899606	3.33218577001051
0.414632245928988	3.33218576927646
0.414632245958369	3.3321857685424
0.414632245987751	3.33218576780835
0.414632246105278	3.33218576487214
0.414632246222806	3.33218576193592
0.414632246340333	3.33218575899971
0.414632246810442	3.33218574725485
0.414632247280552	3.33218573550999
0.414632247750661	3.33218572376513
0.414632249631098	3.3321856767857
0.414632251511535	3.33218562980628
0.414632253391972	3.33218558282687
0.414632260913721	3.33218539490929
0.41463226843547	3.33218520699181
0.414632275957218	3.33218501907442
0.414632306044212	3.33218426740624
0.414632336131207	3.33218351573957
0.414632366218201	3.33218276407443
0.414632486566178	3.33217975743565
0.414632606914155	3.33217675082106
0.414632727262132	3.33217374423105
0.414633208654039	3.33216171821914
0.414633690045947	3.33214969259438
0.414634171437855	3.33213766736283
0.414636097005485	3.33208957200641
0.414638022573116	3.33204148284348
0.414639948140747	3.33199339997109
0.414647650411269	3.33180115757116
0.414655352681792	3.33160901422235
0.414663054952315	3.33141697146085
0.414693864034406	3.33065022413044
0.414724673116496	3.32988505877311
0.414755482198587	3.3291214988812
0.414878718526951	3.32608992905193
0.415001954855314	3.32308348931981
0.415125191183678	3.32010248652711
0.415618136497131	3.30841213358345
0.416111081810585	3.29711352871548
0.416604027124039	3.2862080405107
0.417096972437492	3.27569237916624
0.419561699004761	3.22867398772242
0.422026425572029	3.19056541316455
0.424491152139297	3.16073202001441
0.426955878706566	3.13853933693107
0.433980988068433	3.11241311636952
0.433980988068436	3.11241311636952
0.435184070864444	3.11188326192709
0.436387153660452	3.11117631746227
0.43759023645646	3.11030451849569
0.438590110450076	3.10948784986225
0.438590110450079	3.10948784986225
0.438590110450879	3.10948784986157
0.438590110451678	3.10948784986089
0.438590110452477	3.10948784986022
0.438590110453276	3.10948784985954
0.438590110456473	3.10948784985683
0.43859011045967	3.10948784985412
0.438590110462867	3.10948784985141
0.438590110463505	3.10948784985087
0.438590110463509	3.10948784985087
0.438590110464332	3.10948784984976
0.438590110465155	3.10948784984819
0.438590110465978	3.1094878498461
0.438590110467829	3.10948784983958
0.438590110469679	3.10948784983026
0.43859011047153	3.10948784981794
0.438590110473381	3.10948784980254
0.438590110476202	3.10948784977319
0.438590110479022	3.10948784973698
0.438590110481843	3.1094878496945
0.438590110484664	3.10948784964674
0.438590110487485	3.10948784959493
0.438590110490982	3.10948784952727
0.438590110491972	3.1094878495078
0.438590110491976	3.10948784950773
0.438590110492658	3.10948784949431
0.438590110493339	3.10948784948088
0.438590110494021	3.10948784946746
0.438590110494703	3.10948784945404
0.438590110497429	3.10948784940035
0.438590110500156	3.10948784934666
0.438590110502883	3.10948784929297
0.43859011051379	3.10948784907822
0.438590110524696	3.10948784886346
0.438590110535603	3.10948784864871
0.438590110579231	3.10948784778969
0.438590110622858	3.10948784693067
0.438590110666485	3.10948784607165
0.438590110840995	3.10948784263557
0.438590111015504	3.10948783919949
0.438590111190013	3.10948783576341
0.43859011188805	3.10948782201909
0.438590112586088	3.10948780827477
0.438590113284125	3.10948779453046
0.438590116076273	3.1094877395532
0.438590118868422	3.10948768457595
0.438590121660571	3.10948762959872
0.438590132829166	3.10948740968997
0.438590143997761	3.10948718978141
0.438590155166356	3.10948696987305
0.438590199840735	3.10948609024243
0.438590244515115	3.10948521061494
0.438590289189495	3.10948433099065
0.438590467887014	3.10948081253859
0.438590646584533	3.10947729413671
0.438590825282052	3.10947377578581
0.438591540072128	3.10945970310426
0.438592254862204	3.10944563122564
0.43859296965228	3.10943156016255
0.438595828812584	3.10937528746168
0.438598687972888	3.10931902760543
0.438601547133192	3.10926278079476
0.438612983774409	3.10903797828974
0.438624420415625	3.10881338115707
0.438635857056841	3.10858899255762
0.438681603621706	3.10769438848851
0.438727350186571	3.10680306131457
0.438773096751436	3.10591505815184
0.438956083010897	3.10240990164426
0.439139069270357	3.09895659838193
0.439322055529818	3.09555568323643
0.44005400056766	3.08243083585843
0.440785945605501	3.07010544365981
0.441517890643343	3.05857636142863
0.442249835681185	3.04783065301376
0.445909560870394	3.00495544822155
0.449569286059603	2.97908705650839
0.453229011248812	2.96831504685381
0.45575067510758	2.96858937813113
0.455750675107584	2.96858937813113
0.457020679334042	2.97017625534168
0.457628149919239	2.97083246382598
0.457628149919244	2.97083246382599
0.457628149919717	2.97083246382653
0.45762814992019	2.97083246382707
0.457628149920663	2.97083246382761
0.457628149922083	2.97083246382922
0.457628149923502	2.97083246383084
0.457628149924921	2.97083246383245
0.457628149926341	2.97083246383407
0.457628149927786	2.97083246383572
0.45762814992779	2.97083246383572
0.457628149928598	2.97083246383638
0.457628149929406	2.97083246383673
0.457628149930214	2.97083246383672
0.457628149932428	2.97083246383485
0.457628149934642	2.97083246382985
0.457628149936857	2.97083246382138
0.457628149939071	2.9708324638093
0.45762814994209	2.97083246378684
0.457628149945109	2.97083246375749
0.457628149948129	2.97083246372177
0.457628149951148	2.97083246368059
0.457628149954168	2.97083246363523
0.457628149957854	2.9708324635763
0.457628149959012	2.97083246355743
0.457628149959015	2.97083246355737
0.457628149959754	2.9708324635453
0.457628149960493	2.97083246353323
0.457628149961232	2.97083246352116
0.457628149961971	2.97083246350909
0.457628149964927	2.97083246346081
0.457628149967882	2.97083246341253
0.457628149970838	2.97083246336425
0.45762814998266	2.97083246317114
0.457628149994483	2.97083246297803
0.457628150006305	2.97083246278492
0.457628150053596	2.97083246201247
0.457628150100886	2.97083246124002
0.457628150148176	2.97083246046757
0.457628150337337	2.97083245737777
0.457628150526497	2.97083245428797
0.457628150715658	2.97083245119817
0.457628151472301	2.97083243883897
0.457628152228944	2.97083242647977
0.457628152985586	2.97083241412058
0.457628156012157	2.97083236468381
0.457628159038728	2.97083231524705
0.457628162065299	2.9708322658103
0.457628174171583	2.97083206806353
0.457628186277867	2.97083187031697
0.457628198384151	2.97083167257064
0.457628246809287	2.97083088158852
0.457628295234423	2.97083009060993
0.457628343659559	2.97082929963495
0.457628537360103	2.97082613578605
0.457628731060646	2.97082297199388
0.45762892476119	2.97081980825934
0.457629699563364	2.97080715413747
0.457630474365539	2.97079450092333
0.457631249167713	2.97078184863116
0.457634348376411	2.97073125252143
0.457637447585108	2.97068067093248
0.457640546793806	2.97063010409133
0.457652943628597	2.97042804556259
0.457665340463387	2.97022621918831
0.457677737298178	2.97002462853299
0.457727324637341	2.96922160041607
0.457776911976504	2.96842227539961
0.457826499315667	2.96762670617659
0.458024848672318	2.96449734340984
0.458223198028969	2.96142650647363
0.458421547385621	2.95841476398835
0.459214944812226	2.94690704046968
0.460008342238831	2.936298488806
0.460801739665436	2.92658344255523
0.461595137092041	2.91774512863983
0.465562124225068	2.88558586786396
0.469529111358094	2.87214049682719
0.473378042613154	2.87472627942588
0.473378042613158	2.87472627942589
0.47369979205127	2.87550738312295
0.473699792051274	2.87550738312296
0.473699792051754	2.87550738312418
0.473699792052233	2.8755073831254
0.473699792052713	2.87550738312662
0.473699792054151	2.87550738313027
0.473699792054715	2.8755073831317
0.473699792054718	2.87550738313171
0.473699792055529	2.87550738313365
0.473699792056339	2.87550738313542
0.473699792057149	2.87550738313702
0.473699792057959	2.87550738313841
0.473699792060275	2.87550738314101
0.47369979206259	2.8755073831412
0.473699792064906	2.87550738313854
0.473699792067222	2.87550738313271
0.473699792070198	2.8755073831202
0.473699792073175	2.87550738310174
0.473699792076151	2.87550738307741
0.473699792079128	2.87550738304766
0.473699792082105	2.87550738301327
0.473699792086273	2.87550738295934
0.473699792090056	2.87550738290715
0.47369979209006	2.8755073829071
0.47369979209087	2.87550738289581
0.473699792091679	2.87550738288451
0.473699792092489	2.87550738287321
0.473699792094918	2.87550738283932
0.473699792097348	2.87550738280542
0.473699792099777	2.87550738277153
0.473699792109494	2.87550738263596
0.473699792119211	2.87550738250038
0.473699792128927	2.87550738236481
0.473699792167795	2.87550738182251
0.473699792206663	2.87550738128022
0.47369979224553	2.87550738073792
0.473699792401001	2.87550737856873
0.473699792556471	2.87550737639955
0.473699792711941	2.87550737423036
0.473699793333822	2.87550736555362
0.473699793955704	2.87550735687687
0.473699794577585	2.87550734820013
0.47369979706511	2.87550731349317
0.473699799552634	2.87550727878622
0.473699802040159	2.87550724407927
0.473699811990259	2.87550710525163
0.473699821940358	2.87550696642413
0.473699831890458	2.87550682759678
0.473699871690855	2.87550627228948
0.473699911491253	2.87550571698451
0.47369995129165	2.87550516168191
0.473700110493241	2.87550294050506
0.473700269694832	2.87550071936552
0.473700428896422	2.87549849826387
0.473701065702785	2.87548961439403
0.473701702509147	2.87548073112108
0.473702339315509	2.8754718484544
0.473704886540958	2.87543632637499
0.473707433766408	2.87540081384429
0.473709980991857	2.87536531101175
0.473720169893654	2.87522343701955
0.473730358795451	2.87508171570888
0.473740547697248	2.87494014943329
0.473781303304435	2.87437607795765
0.473822058911623	2.87381444312655
0.473862814518811	2.87325528020809
0.474025836947562	2.87105348534008
0.474188859376313	2.86889027797238
0.474351881805064	2.86676607094324
0.475003971520068	2.85862605746276
0.475656061235072	2.85108230029628
0.476308150950076	2.8441333437246
0.47696024066508	2.83777046477764
0.4802206892401	2.81412270176529
0.483481137815119	2.8033279183278
0.486741586390139	2.80404411486776
0.487694604133272	2.80617789505806
0.487694604133279	2.80617789505808
0.487694604133752	2.8061778950594
0.487694604134224	2.80617789506072
0.487694604134696	2.80617789506202
0.487694604136112	2.8061778950658
0.487694604137529	2.80617789506929
0.487694604138945	2.80617789507237
0.487694604140361	2.80617789507491
0.487694604143433	2.80617789507788
0.487694604145938	2.80617789507733
0.487694604148444	2.80617789507358
0.48769460415095	2.80617789506629
0.487694604153455	2.80617789505528
0.487694604157523	2.80617789502951
0.48769460416159	2.80617789499455
0.487694604165658	2.80617789495203
0.487694604169726	2.80617789490445
0.487694604172041	2.80617789487629
0.487694604172044	2.80617789487624
0.487694604172884	2.80617789486598
0.487694604173723	2.80617789485572
0.487694604174563	2.80617789484546
0.487694604175402	2.8061778948352
0.48769460417876	2.80617789479416
0.487694604182117	2.80617789475312
0.487694604185475	2.80617789471208
0.487694604198905	2.80617789454792
0.487694604212335	2.80617789438376
0.487694604225765	2.8061778942196
0.487694604279486	2.80617789356295
0.487694604333206	2.80617789290631
0.487694604386927	2.80617789224967
0.487694604601809	2.80617788962309
0.487694604816691	2.80617788699652
0.487694605031574	2.80617788436994
0.487694605891103	2.80617787386365
0.487694606750632	2.80617786335735
0.487694607610162	2.80617785285106
0.487694611048279	2.80617781082589
0.487694614486397	2.80617776880075
0.487694617924514	2.80617772677562
0.487694631676983	2.80617755867535
0.487694645429453	2.80617739057535
0.487694659181922	2.80617722247563
0.4876947141918	2.80617655008069
0.487694769201677	2.80617587769012
0.487694824211555	2.80617520530399
0.487695044251065	2.80617251582243
0.487695264290575	2.80616982641086
0.487695484330085	2.80616713707039
0.487696364488126	2.80615638071546
0.487697244646166	2.80614562548032
0.487698124804207	2.80613487138254
0.48770164543637	2.80609187110089
0.487705166068533	2.80604888873173
0.487708686700695	2.80600592455483
0.487722769229346	2.80583432544311
0.487736851757997	2.80566301267386
0.487750934286648	2.80549199062504
0.487807264401251	2.8048120140285
0.487863594515854	2.80413660246538
0.487919924630457	2.80346581970967
0.488145245088869	2.80084784116164
0.488370565547281	2.79830185717209
0.488595886005693	2.79582849194332
0.489497167839342	2.78659584436897
0.490398449672991	2.77846253618915
0.491299731506639	2.77141708154995
0.492201013340288	2.76543422694883
0.496428227404666	2.75020372504507
0.500231694394225	2.75321725035801
0.500231694394237	2.75321725035805
0.500231694395132	2.75321725036057
0.500231694395867	2.75321725036261
0.500231694396602	2.75321725036459
0.500231694397337	2.75321725036651
0.500231694400383	2.75321725037334
0.500231694403428	2.75321725037774
0.500231694406474	2.75321725037876
0.500231694408904	2.75321725037664
0.500231694411334	2.75321725037155
0.500231694413764	2.75321725036329
0.500231694416194	2.75321725035181
0.500231694417238	2.75321725034581
0.500231694418282	2.75321725033916
0.500231694419325	2.75321725033195
0.500231694421267	2.75321725031735
0.500231694423209	2.75321725030118
0.500231694425151	2.75321725028357
0.500231694427093	2.75321725026473
0.500231694430415	2.75321725023043
0.500231694433056	2.75321725020214
0.500231694433064	2.75321725020206
0.500231694433953	2.75321725019247
0.500231694434843	2.75321725018288
0.500231694435733	2.75321725017329
0.500231694438402	2.75321725014453
0.500231694441071	2.75321725011576
0.50023169444374	2.75321725008699
0.500231694454417	2.75321724997191
0.500231694465094	2.75321724985684
0.500231694475771	2.75321724974176
0.500231694518478	2.75321724928147
0.500231694561185	2.75321724882117
0.500231694603892	2.75321724836087
0.500231694774721	2.75321724651968
0.50023169494555	2.75321724467848
0.500231695116378	2.75321724283729
0.500231695799693	2.75321723547251
0.500231696483008	2.75321722810773
0.500231697166323	2.75321722074296
0.500231699899581	2.75321719128387
0.50023170263284	2.75321716182479
0.500231705366099	2.75321713236572
0.500231716299135	2.7532170145296
0.500231727232171	2.75321689669365
0.500231738165207	2.75321677885787
0.50023178189735	2.75321630751721
0.500231825629493	2.75321583617926
0.500231869361637	2.75321536484408
0.50023204429021	2.75321347954252
0.500232219218782	2.75321159428451
0.500232394147355	2.75320970907072
0.500233093861647	2.7532021688421
0.500233793575939	2.75319462931019
0.500234493290231	2.75318709048591
0.500237292147398	2.75315694521195
0.500240091004566	2.75312681108318
0.500242889861733	2.7530966882739
0.500254085290402	2.75297635732921
0.500265280719072	2.7528562045786
0.500276476147741	2.75273623276178
0.500321257862419	2.75225890519776
0.500366039577097	2.75178442050173
0.500410821291775	2.75131281936597
0.500589948150486	2.74946705274053
0.500769075009197	2.74766624745379
0.500948201867909	2.74591085552343
0.501664709302754	2.73930406250557
0.502381216737599	2.73338939760375
0.503097724172443	2.72816340715777
0.503814231607288	2.72361411981848
0.507396768781513	2.71020166136695
0.510979305955738	2.71136208547461
0.511419490404398	2.7123901043201
0.511419490404411	2.71239010432013
0.511419490405333	2.71239010432262
0.511419490406255	2.71239010432505
0.511419490407176	2.7123901043274
0.511419490409942	2.71239010433368
0.511419490412707	2.7123901043383
0.511419490415473	2.71239010434059
0.511419490418238	2.71239010433995
0.511419490421414	2.71239010433508
0.511419490424589	2.71239010432534
0.511419490427764	2.71239010431059
0.511419490430939	2.71239010429105
0.511419490434114	2.71239010426728
0.511419490438976	2.71239010422477
0.511419490443149	2.71239010418493
0.511419490443157	2.71239010418485
0.511419490444107	2.71239010417564
0.511419490445057	2.71239010416642
0.511419490446007	2.7123901041572
0.511419490446957	2.71239010414799
0.511419490450757	2.71239010411112
0.511419490454557	2.71239010407425
0.511419490458357	2.71239010403739
0.511419490473558	2.71239010388992
0.511419490488758	2.71239010374245
0.511419490503958	2.71239010359498
0.511419490564759	2.71239010300511
0.51141949062556	2.71239010241524
0.511419490686362	2.71239010182536
0.511419490929566	2.71239009946587
0.511419491172771	2.71239009710638
0.511419491415975	2.71239009474689
0.511419492388794	2.71239008530893
0.511419493361612	2.71239007587097
0.51141949433443	2.71239006643301
0.511419498225703	2.71239002868119
0.511419502116976	2.71238999092939
0.511419506008249	2.71238995317761
0.511419521573342	2.71238980217082
0.511419537138434	2.71238965116436
0.511419552703526	2.71238950015825
0.511419614963896	2.71238889613873
0.511419677224265	2.71238829212467
0.511419739484634	2.71238768811615
0.511419988526111	2.71238527216067
0.511420237567589	2.71238285629258
0.511420486609066	2.71238044051323
0.511421482774975	2.71237077865309
0.511422478940884	2.71236111819098
0.511423475106793	2.71235145914884
0.511427459770428	2.71231284309228
0.511431444434064	2.71227424939841
0.511435429097699	2.7122356784161
0.511451367752241	2.71208171605461
0.511467306406783	2.71192811112445
0.511483245061325	2.71177486906591
0.511546999679493	2.71116703157638
0.511610754297661	2.71056488925421
0.511674508915829	2.70996852009431
0.5119295273885	2.70766422219176
0.512184545861172	2.70544953880095
0.512439564333843	2.70332514733124
0.513459638224529	2.69564678129273
0.514479712115215	2.68932789617304
0.515499786005901	2.68434827263728
0.516519859896587	2.6806704428208
0.520680707168459	2.6778219586846
0.521641287543395	2.6797194486773
0.521641287543409	2.67971944867733
0.521641287544315	2.67971944867975
0.521641287545222	2.67971944868212
0.521641287546128	2.67971944868441
0.521641287547034	2.67971944868661
0.521641287550362	2.6797194486934
0.52164128755369	2.67971944869749
0.521641287557018	2.67971944869791
0.521641287559538	2.67971944869535
0.521641287562057	2.67971944869
0.521641287564576	2.67971944868177
0.521641287567096	2.67971944867067
0.52164128757448	2.67971944862386
0.52164128757964	2.67971944858139
0.521641287582297	2.67971944855804
0.521641287582304	2.67971944855798
0.521641287583265	2.67971944854948
0.521641287584225	2.67971944854098
0.521641287585186	2.67971944853249
0.521641287586147	2.67971944852399
0.52164128758999	2.67971944849
0.521641287593833	2.67971944845602
0.521641287597676	2.67971944842203
0.521641287613049	2.67971944828609
0.521641287628422	2.67971944815015
0.521641287643794	2.6797194480142
0.521641287705285	2.67971944747043
0.521641287766775	2.67971944692666
0.521641287828265	2.67971944638288
0.521641288074227	2.67971944420779
0.521641288320188	2.6797194420327
0.52164128856615	2.67971943985761
0.521641289549996	2.67971943115724
0.521641290533842	2.67971942245687
0.521641291517687	2.67971941375651
0.521641295453071	2.67971937895506
0.521641299388455	2.67971934415364
0.521641303323838	2.67971930935224
0.521641319065372	2.67971917014695
0.521641334806907	2.67971903094201
0.521641350548441	2.67971889173742
0.521641413514578	2.67971833492405
0.521641476480715	2.67971777811623
0.521641539446853	2.67971722131404
0.521641791311401	2.67971499418512
0.52164204317595	2.67971276714495
0.521642295040499	2.67971054019494
0.521643302498694	2.67970163367192
0.521644309956889	2.67969272856896
0.521645317415084	2.67968382490836
0.521649347247865	2.67964823069488
0.521653377080645	2.6796126591964
0.521657406913425	2.67957711076726
0.521673526244547	2.6794352436812
0.521689645575668	2.67929373965073
0.52170576490679	2.67915260419823
0.521770242231275	2.67859327363509
0.521834719555761	2.67803972739691
0.521899196880247	2.67749204447593
0.52215710617819	2.67538374766226
0.522415015476133	2.67336643925262
0.522672924774076	2.67144079278737
0.523704561965849	2.66456948738716
0.524736199157621	2.65907722814998
0.525767836349394	2.65494263574655
0.526799473541166	2.65212680078119
0.530948702276196	2.65279342604932
0.531078587081548	2.65309967493322
0.531078587081555	2.65309967493324
0.531078587082463	2.65309967493563
0.53107858708337	2.65309967493797
0.531078587084278	2.65309967494025
0.531078587085185	2.65309967494243
0.531078587088589	2.65309967494936
0.531078587091993	2.65309967495363
0.531078587095396	2.65309967495429
0.531078587097966	2.65309967495196
0.531078587100536	2.65309967494691
0.531078587103105	2.65309967493906
0.531078587105675	2.65309967492844
0.531078587112836	2.65309967488631
0.531078587118025	2.65309967484703
0.531078587120452	2.65309967482747
0.531078587120459	2.65309967482741
0.531078587121453	2.65309967481936
0.531078587122446	2.65309967481131
0.53107858712344	2.65309967480326
0.53107858712642	2.65309967477911
0.5310785871294	2.65309967475496
0.53107858713238	2.65309967473081
0.531078587144302	2.6530996746342
0.531078587156223	2.6530996745376
0.531078587168144	2.65309967444099
0.531078587215828	2.65309967405457
0.531078587263513	2.65309967366815
0.531078587311197	2.65309967328172
0.531078587501935	2.65309967173603
0.531078587692674	2.65309967019034
0.531078587883412	2.65309966864464
0.531078588646364	2.65309966246188
0.531078589409316	2.65309965627911
0.531078590172269	2.65309965009634
0.531078593224078	2.65309962536528
0.531078596275888	2.65309960063423
0.531078599327697	2.65309957590319
0.531078611534935	2.65309947697924
0.531078623742173	2.6530993780555
0.531078635949411	2.65309927913196
0.531078684778362	2.65309888344081
0.531078733607314	2.65309848775297
0.531078782436265	2.6530980920685
0.531078977752072	2.65309650937835
0.531079173067878	2.65309492674127
0.531079368383684	2.65309334415809
0.531080149646909	2.65308701458901
0.531080930910134	2.65308068586905
0.531081712173358	2.65307435801155
0.531084837226258	2.65304905879743
0.531087962279157	2.65302377316654
0.531091087332056	2.65299850133116
0.531103587543652	2.65289760933522
0.531116087755249	2.65279693449149
0.531128587966845	2.65269648012767
0.531178588813231	2.65229778127176
0.531228589659617	2.65190254537831
0.531278590506003	2.65151082131399
0.531478593891547	2.64999338082858
0.531678597277091	2.6485306176054
0.531878600662635	2.64712303668724
0.53267861420481	2.64199561507442
0.533478627746985	2.63770586833486
0.53427864128916	2.63424690599331
0.535078654831336	2.63160141031856
0.539078722542212	2.62944872784276
0.539855575203451	2.63101502148773
0.539855575203458	2.63101502148775
0.53985557520435	2.63101502149008
0.539855575205242	2.63101502149238
0.539855575206134	2.63101502149461
0.53985557520881	2.63101502150074
0.539855575211486	2.63101502150564
0.539855575214162	2.63101502150881
0.539855575216838	2.63101502150979
0.539855575220152	2.6310150215075
0.539855575223466	2.6310150215009
0.53985557522678	2.63101502148986
0.539855575230094	2.63101502147455
0.539855575233408	2.63101502145551
0.539855575238572	2.63101502142043
0.539855575242189	2.6310150213937
0.539855575242197	2.63101502139364
0.539855575243242	2.6310150213858
0.539855575244287	2.63101502137796
0.539855575245332	2.63101502137012
0.539855575248467	2.6310150213466
0.539855575251602	2.63101502132307
0.539855575254737	2.63101502129955
0.539855575267278	2.63101502120545
0.539855575279819	2.63101502111135
0.539855575292359	2.63101502101725
0.539855575342522	2.63101502064085
0.539855575392684	2.63101502026445
0.539855575442847	2.63101501988805
0.539855575643497	2.63101501838246
0.539855575844147	2.63101501687686
0.539855576044798	2.63101501537127
0.539855576847398	2.63101500934889
0.539855577649999	2.63101500332652
0.539855578452599	2.63101499730414
0.539855581663002	2.63101497321466
0.539855584873405	2.63101494912519
0.539855588083807	2.63101492503574
0.539855600925418	2.63101482867813
0.539855613767028	2.63101473232076
0.539855626608639	2.63101463596361
0.53985567797508	2.63101425053832
0.539855729341522	2.63101386511668
0.539855780707964	2.63101347969876
0.539855986173731	2.63101193807969
0.539856191639498	2.63101039651915
0.539856397105265	2.63100885501805
0.539857218968333	2.63100268985564
0.539858040831402	2.63099652562953
0.53985886269447	2.63099036235441
0.539862150146743	2.63096572272378
0.539865437599016	2.63094109807061
0.539868725051289	2.63091648862888
0.539881874860381	2.63081826625281
0.539895024669474	2.63072028330682
0.539908174478566	2.63062254345447
0.539960773714935	2.63023502221606
0.540013372951304	2.62985131847953
0.540065972187673	2.62947148575751
0.54027636913315	2.62800665044115
0.540486766078626	2.62660204391011
0.540697163024103	2.62525819976988
0.541538750806009	2.62043602250458
0.542380338587915	2.61653453193499
0.543221926369821	2.61354477687979
0.544063514151727	2.61144628934797
0.548077074850326	2.61247984821474
0.548077074850337	2.61247984821477
0.548077074851194	2.61247984821699
0.548077074852051	2.61247984821918
0.548077074852908	2.61247984822132
0.548077074855479	2.61247984822724
0.54807707485805	2.61247984823214
0.548077074860622	2.61247984823556
0.548077074863193	2.61247984823714
0.548077074866521	2.61247984823596
0.548077074869848	2.61247984823071
0.548077074873176	2.61247984822122
0.548077074876504	2.61247984820762
0.548077074879831	2.61247984819036
0.548077074885248	2.61247984815654
0.548077074889059	2.61247984813032
0.548077074889066	2.61247984813027
0.548077074890137	2.61247984812279
0.548077074891208	2.61247984811532
0.548077074892279	2.61247984810785
0.548077074895491	2.61247984808542
0.548077074898703	2.612479848063
0.548077074901915	2.61247984804058
0.548077074914763	2.6124798479509
0.548077074927612	2.61247984786122
0.54807707494046	2.61247984777153
0.548077074991854	2.6124798474128
0.548077075043247	2.61247984705406
0.548077075094641	2.61247984669533
0.548077075300215	2.61247984526038
0.548077075505789	2.61247984382544
0.548077075711363	2.6124798423905
0.54807707653366	2.61247983665074
0.548077077355957	2.61247983091097
0.548077078178254	2.61247982517121
0.548077081467442	2.61247980221218
0.548077084756629	2.61247977925316
0.548077088045817	2.61247975629415
0.548077101202567	2.61247966445835
0.548077114359317	2.61247957262278
0.548077127516068	2.61247948078746
0.548077180143069	2.61247911344961
0.548077232770071	2.61247874611559
0.548077285397072	2.61247837878547
0.548077495905078	2.61247690952004
0.548077706413084	2.61247544031587
0.548077916921089	2.61247397117392
0.548078758953112	2.6124680954875
0.548079600985135	2.61246222078115
0.548080443017158	2.61245634707029
0.548083811145249	2.61243286632654
0.54808717927334	2.61240940126061
0.548090547401431	2.61238595211737
0.548104019913795	2.61229238100379
0.54811749242616	2.61219906050972
0.548130964938524	2.61210599446675
0.548184854987982	2.61173732893464
0.548238745037439	2.61137265889623
0.548292635086897	2.61101204015685
0.548508195284727	2.60962658831985
0.548723755482557	2.60830414717771
0.548939315680387	2.60704526210109
0.549801556471708	2.60258803980535
0.550663797263029	2.59909287354109
0.55152603805435	2.59654962720553
0.55238827884567	2.59493609865056
0.555814734776185	2.59673944315321
0.555814734776193	2.59673944315323
0.555814734777051	2.59673944315543
0.555814734777909	2.5967394431576
0.555814734778767	2.59673944315972
0.555814734779624	2.59673944316178
0.555814734783055	2.59673944316896
0.555814734786486	2.59673944317389
0.555814734789917	2.59673944317575
0.555814734792637	2.59673944317461
0.555814734795357	2.59673944317089
0.555814734798077	2.59673944316451
0.555814734800797	2.59673944315552
0.555814734808253	2.5967394431196
0.555814734813571	2.59673944308663
0.555814734815119	2.59673944307653
0.555814734815126	2.59673944307648
0.555814734816197	2.59673944306947
0.555814734817269	2.59673944306246
0.55581473481834	2.59673944305545
0.555814734821553	2.59673944303442
0.555814734824766	2.59673944301338
0.555814734827979	2.59673944299235
0.555814734840831	2.59673944290822
0.555814734853684	2.59673944282409
0.555814734866536	2.59673944273996
0.555814734917946	2.59673944240343
0.555814734969355	2.59673944206691
0.555814735020765	2.59673944173039
0.555814735226403	2.59673944038429
0.555814735432041	2.5967394390382
0.555814735637679	2.5967394376921
0.555814736460232	2.59673943230772
0.555814737282785	2.59673942692334
0.555814738105337	2.59673942153897
0.555814741395548	2.59673940000147
0.555814744685759	2.59673937846399
0.55581474797597	2.59673935692652
0.555814761136813	2.59673927077687
0.555814774297656	2.59673918462746
0.555814787458499	2.5967390984783
0.555814840101871	2.59673875388507
0.555814892745243	2.59673840929567
0.555814945388616	2.59673806471016
0.555815155962105	2.59673668642314
0.555815366535594	2.59673530819733
0.555815577109084	2.5967339300337
0.555816419403041	2.59672841825981
0.555817261696998	2.59672290746523
0.555818103990955	2.59671739766531
0.555821473166784	2.59669537255404
0.555824842342613	2.59667336310797
0.555828211518442	2.59665136957176
0.555841688221758	2.59656362070435
0.555855164925074	2.59647612225373
0.55586864162839	2.59638887804793
0.555922548441654	2.59604349692175
0.555976455254918	2.59570210799417
0.556030362068182	2.59536476699342
0.556245989321238	2.59407237703548
0.556461616574293	2.59284294176283
0.556677243827349	2.59167700407074
0.557539752839571	2.58759099005952
0.558402261851793	2.58446599699765
0.559264770864016	2.58229177665797
0.560127279876238	2.58104602175428
0.563155393002174	2.58320901834562
0.563155393002183	2.58320901834564
0.56315539300304	2.58320901834783
0.563155393003897	2.58320901834999
0.563155393004754	2.58320901835211
0.563155393005611	2.58320901835415
0.563155393009039	2.58320901836136
0.563155393012467	2.58320901836641
0.563155393015895	2.58320901836852
0.563155393018655	2.58320901836767
0.563155393021415	2.58320901836428
0.563155393024174	2.58320901835826
0.563155393026934	2.58320901834968
0.563155393034618	2.58320901831453
0.563155393039961	2.58320901828309
0.563155393041115	2.58320901827598
0.563155393041122	2.58320901827594
0.563155393042214	2.5832090182692
0.563155393043306	2.58320901826247
0.563155393044398	2.58320901825573
0.563155393047673	2.58320901823552
0.563155393050948	2.5832090182153
0.563155393054224	2.58320901819509
0.563155393067325	2.58320901811424
0.563155393080427	2.58320901803339
0.563155393093528	2.58320901795254
0.563155393145934	2.58320901762914
0.56315539319834	2.58320901730574
0.563155393250746	2.58320901698233
0.563155393460371	2.58320901568873
0.563155393669995	2.58320901439512
0.563155393879619	2.58320901310152
0.563155394718117	2.58320900792709
0.563155395556614	2.58320900275267
0.563155396395111	2.58320899757825
0.5631553997491	2.58320897688058
0.563155403103089	2.58320895618292
0.563155406457079	2.58320893548528
0.563155419873035	2.58320885269494
0.563155433288991	2.58320876990486
0.563155446704948	2.58320868711502
0.563155500368773	2.58320835595925
0.563155554032598	2.58320802480745
0.563155607696424	2.58320769365968
0.563155822351725	2.58320636912578
0.563156037007027	2.58320504465545
0.563156251662328	2.58320372024968
0.563157110283534	2.58319842354112
0.563157968904741	2.58319312784953
0.563158827525947	2.58318783319088
0.563162262010771	2.58316666918651
0.563165696495596	2.58314552144982
0.56316913098042	2.58312439023485
0.563182868919718	2.58304009931378
0.563196606859017	2.58295606843512
0.563210344798315	2.58287230157134
0.563265296555507	2.58254096785085
0.5633202483127	2.58221377943643
0.563375200069893	2.58189079402443
0.563595007098663	2.58065800033832
0.563814814127434	2.57949055379795
0.564034621156204	2.57838900716178
0.564913849271286	2.57458215119169
0.565793077386368	2.57177187175821
0.566672305501449	2.56994688721062
0.567551533616531	2.56908338464245
0.570148651847725	2.57148810996301
0.570148651847733	2.57148810996302
0.57014865184859	2.5714881099652
0.570148651849447	2.57148810996735
0.570148651850304	2.57148810996946
0.570148651852875	2.57148810997535
0.570148651855446	2.57148810998033
0.570148651858017	2.57148810998404
0.570148651860587	2.57148810998613
0.570148651864029	2.57148810998596
0.570148651867471	2.57148810998199
0.570148651870913	2.57148810997404
0.570148651874355	2.57148810996229
0.570148651877797	2.5714881099472
0.570148651883302	2.57148810991814
0.570148651886452	2.57148810990002
0.570148651886465	2.57148810989994
0.570148651887602	2.57148810989332
0.570148651888738	2.5714881098867
0.570148651889874	2.57148810988008
0.570148651891011	2.57148810987346
0.570148651895556	2.57148810984699
0.570148651900101	2.57148810982052
0.570148651904646	2.57148810979404
0.570148651922827	2.57148810968815
0.570148651941008	2.57148810958226
0.570148651959189	2.57148810947637
0.570148652031913	2.57148810905281
0.570148652104637	2.57148810862925
0.570148652177362	2.57148810820568
0.570148652468258	2.57148810651143
0.570148652759154	2.57148810481718
0.57014865305005	2.57148810312293
0.570148654213635	2.57148809634593
0.57014865537722	2.57148808956893
0.570148656540804	2.57148808279193
0.570148661195144	2.57148805568397
0.570148665849483	2.57148802857604
0.570148670503822	2.57148800146814
0.570148689121178	2.57148789303696
0.570148707738535	2.57148778460627
0.570148726355892	2.57148767617605
0.570148800825318	2.57148724246208
0.570148875294744	2.57148680875575
0.57014894976417	2.57148637505719
0.570149247641875	2.57148464037297
0.57014954551958	2.57148290581107
0.570149843397284	2.57148117137344
0.570151034908103	2.57147423538299
0.570152226418922	2.57146730134975
0.570153417929741	2.57146036930443
0.570158183973017	2.5714326692785
0.570162950016292	2.57140500055786
0.570167716059568	2.57137736362997
0.57018678023267	2.571267266015
0.570205844405772	2.57115766864012
0.570224908578875	2.57104857905838
0.570301165271284	2.57061939740428
0.570377421963694	2.57019817842971
0.570453678656103	2.56978502729716
0.570758705425741	2.56824566718108
0.57106373219538	2.56683109814316
0.571368758965018	2.56554201695882
0.57258886604357	2.5615182014627
0.573808973122122	2.55936553237595
0.575029080200674	2.55904132935924
0.576249187279227	2.56047869494986
0.576740335881852	2.56146413841379
0.576740335881859	2.5614641384138
0.576740335882733	2.56146413841593
0.576740335883608	2.56146413841802
0.576740335884482	2.56146413842007
0.576740335887105	2.5614641384258
0.576740335889728	2.56146413843063
0.576740335892351	2.56146413843418
0.576740335894974	2.56146413843614
0.576740335898486	2.56146413843581
0.576740335901999	2.56146413843174
0.576740335905512	2.56146413842379
0.576740335909025	2.56146413841216
0.576740335912537	2.56146413839736
0.576740335917984	2.56146413837011
0.576740335920603	2.56146413835604
0.57674033592061	2.561464138356
0.576740335921784	2.56146413834962
0.576740335922957	2.56146413834323
0.576740335924131	2.56146413833685
0.576740335925305	2.56146413833047
0.576740335929999	2.56146413830494
0.576740335934694	2.56146413827941
0.576740335939388	2.56146413825388
0.576740335958166	2.56146413815176
0.576740335976944	2.56146413804964
0.576740335995722	2.56146413794752
0.576740336070833	2.56146413753904
0.576740336145945	2.56146413713056
0.576740336221056	2.56146413672208
0.576740336521502	2.56146413508815
0.576740336821948	2.56146413345423
0.576740337122394	2.56146413182031
0.576740338324177	2.56146412528462
0.576740339525961	2.56146411874893
0.576740340727744	2.56146411221325
0.576740345534879	2.56146408607054
0.576740350342013	2.56146405992786
0.576740355149147	2.56146403378522
0.576740374377684	2.5614639292151
0.576740393606221	2.56146382464549
0.576740412834758	2.5614637200764
0.576740489748906	2.56146330180734
0.576740566663054	2.56146288354642
0.576740643577202	2.56146246529377
0.576740951233794	2.56146079240024
0.576741258890386	2.56145911963692
0.576741566546977	2.56145744700585
0.576742797173344	2.56145075835489
0.576744027799711	2.56144407178703
0.576745258426078	2.56143738733495
0.576750180931547	2.56141067949289
0.576755103437015	2.5613840049694
0.576760025942483	2.56135736428311
0.576779715964355	2.56125128056811
0.576799405986228	2.56114572923908
0.5768190960081	2.56104071832208
0.57689785609559	2.56062831168968
0.57697661618308	2.56022437781138
0.577055376270571	2.55982902779618
0.577370416620531	2.5583680745088
0.577685456970491	2.55703980405263
0.578000497320452	2.55584490712019
0.579260658720293	2.55226777364714
0.580520820120134	2.5506756659648
0.581780981519975	2.55102027850876
0.582895954402677	2.55287828651178
0.582895954402689	2.55287828651181
0.582895954403542	2.55287828651378
0.582895954404396	2.55287828651572
0.582895954405249	2.55287828651762
0.582895954406103	2.55287828651947
0.582895954409516	2.55287828652604
0.58289595441293	2.55287828653081
0.582895954416344	2.55287828653312
0.582895954419758	2.55287828653245
0.582895954423649	2.55287828652767
0.58289595442754	2.55287828651852
0.582895954431432	2.55287828650531
0.582895954435323	2.55287828648879
0.582895954439214	2.55287828647009
0.582895954441516	2.55287828645854
0.582895954441526	2.55287828645849
0.582895954442732	2.5528782864524
0.582895954443938	2.5528782864463
0.582895954445145	2.55287828644021
0.582895954446351	2.55287828643412
0.582895954451176	2.55287828640974
0.582895954456001	2.55287828638537
0.582895954460826	2.552878286361
0.582895954480126	2.55287828626351
0.582895954499426	2.55287828616601
0.582895954518726	2.55287828606852
0.582895954595927	2.55287828567856
0.582895954673127	2.55287828528859
0.582895954750328	2.55287828489863
0.58289595505913	2.55287828333877
0.582895955367931	2.55287828177891
0.582895955676733	2.55287828021905
0.582895956911941	2.55287827397961
0.582895958147148	2.55287826774017
0.582895959382356	2.55287826150074
0.582895964323186	2.55287823654304
0.582895969264016	2.55287821158536
0.582895974204846	2.55287818662773
0.582895993968166	2.55287808679766
0.582896013731485	2.55287798696813
0.582896033494805	2.55287788713914
0.582896112548085	2.5528774878309
0.582896191601364	2.55287708853123
0.582896270654644	2.55287668924026
0.582896586867762	2.55287509219973
0.58289690308088	2.55287349529635
0.582897219293998	2.55287189853226
0.582898484146469	2.55286551344901
0.582899748998941	2.55285913055983
0.582901013851412	2.55285274989916
0.582906073261299	2.55282725881888
0.582911132671186	2.5528018028318
0.582916192081072	2.55277638248394
0.582936429720619	2.5526752056246
0.582956667360165	2.55257458948308
0.582976904999711	2.55247454250087
0.583057855557897	2.55208239725299
0.583138806116083	2.55169917412387
0.583219756674268	2.55132498936763
0.58354355890701	2.54995503609867
0.583867361139753	2.54872470604574
0.584191163372495	2.5476346785622
0.584774486533797	2.54597957448995
0.584774486533804	2.54597957448993
0.585897693760005	2.54450289399176
0.587020900986206	2.54453430619635
0.588144108212407	2.54604705170672
0.58815523507571	2.54607616855801
0.588155235075717	2.54607616855802
0.588155235076554	2.54607616855936
0.588155235077391	2.54607616856067
0.588155235078228	2.54607616856196
0.588155235080738	2.54607616856555
0.588155235083249	2.54607616856855
0.58815523508576	2.54607616857073
0.58815523508827	2.54607616857186
0.588155235092027	2.54607616857126
0.588155235095785	2.54607616856754
0.588155235099542	2.54607616856056
0.588155235103299	2.54607616855052
0.588155235107056	2.54607616853789
0.58815523511294	2.54607616851477
0.588155235114447	2.54607616850853
0.588155235114454	2.54607616850851
0.588155235115816	2.54607616850282
0.588155235117178	2.54607616849714
0.58815523511854	2.54607616849145
0.588155235122625	2.5460761684744
0.588155235126711	2.54607616845734
0.588155235130797	2.54607616844029
0.58815523514714	2.54607616837207
0.588155235163483	2.54607616830385
0.588155235179825	2.54607616823563
0.588155235245197	2.54607616796276
0.588155235310569	2.54607616768989
0.588155235375941	2.54607616741702
0.588155235637427	2.54607616632554
0.588155235898914	2.54607616523405
0.588155236160401	2.54607616414257
0.588155237206348	2.54607615977664
0.588155238252296	2.54607615541071
0.588155239298243	2.54607615104478
0.588155243482032	2.54607613358109
0.588155247665822	2.54607611611742
0.588155251849611	2.54607609865377
0.588155268584768	2.54607602879952
0.588155285319926	2.54607595894565
0.588155302055083	2.54607588909217
0.588155368995712	2.54607560968366
0.588155435936341	2.54607533028119
0.58815550287697	2.54607505088486
0.588155770639486	2.54607393338646
0.588156038402002	2.54607281598472
0.588156306164518	2.54607169868116
0.588157377214583	2.54606723085762
0.588158448264648	2.54606276458054
0.588159519314712	2.54605829987419
0.588163803514971	2.54604046329562
0.588168087715229	2.54602265145308
0.588172371915488	2.54600486473208
0.588189508716522	2.54593407351611
0.588206645517556	2.54586367761071
0.588223782318591	2.54579368300577
0.588292329522727	2.54551937728776
0.588360876726864	2.54525136676985
0.588429423931001	2.54498973594192
0.588703612747549	2.54403283090547
0.588977801564096	2.54317475859726
0.589251990380643	2.54241615640316
0.59	2.54079464177147
